datetime,follows,posts,followed by,latest average likes,latest average comments
2018-02-11 16:48:09,0,1,6348,3333.0,161.0
2018-02-11 17:00:10,0,1,6363,3342.0,161.0
2018-02-11 17:15:09,0,1,6382,3352.0,161.0
2018-02-11 17:30:09,0,1,6398,3364.0,162.0
2018-02-11 17:45:12,0,1,6409,3374.0,162.0
2018-02-11 18:00:09,0,1,6430,3383.0,162.0
2018-02-11 18:15:09,0,1,6450,3392.0,162.0
2018-02-11 18:30:08,0,1,6464,3400.0,162.0
2018-02-11 18:45:09,0,1,6476,3408.0,162.0
2018-02-11 19:00:09,0,1,6586,3461.0,163.0
2018-02-11 19:15:08,0,1,6660,3513.0,163.0
2018-02-11 19:30:09,0,1,6727,3557.0,164.0
2018-02-11 19:45:09,0,1,6793,3594.0,164.0
2018-02-11 20:00:09,0,1,6844,3627.0,165.0
2018-02-11 20:15:09,0,1,6882,3656.0,165.0
2018-02-11 20:30:09,0,1,6922,3681.0,165.0
2018-02-11 20:45:10,0,1,6967,3712.0,165.0
2018-02-11 21:00:09,0,1,7003,3737.0,165.0
2018-02-11 21:15:08,0,2,7031,2108.0,90.0
2018-02-11 21:30:08,0,2,7056,2270.5,96.5
2018-02-11 21:45:10,0,2,7080,2401.5,98.5
2018-02-11 22:00:10,0,2,7113,2480.5,99.5
2018-02-11 22:15:12,0,2,7139,2547.5,101.0
2018-02-11 22:30:10,0,2,7170,2594.5,102.0
2018-02-11 22:45:11,0,2,7200,2641.5,103.0
2018-02-11 23:00:10,0,2,7227,2683.5,104.0
2018-02-11 23:15:09,0,2,7251,2717.5,105.0
2018-02-11 23:30:09,0,2,7266,2738.0,105.0
2018-02-11 23:45:11,0,2,7284,2758.5,106.0
2018-02-12 00:00:14,0,2,7301,2772.0,106.0
2018-02-12 00:15:12,0,2,7313,2783.5,106.5
2018-02-12 00:30:10,0,2,7317,2792.5,106.5
2018-02-12 00:45:09,0,2,7322,2800.5,106.5
2018-02-12 01:00:10,0,2,7329,2802.0,106.5
2018-02-12 01:15:11,0,2,7331,2805.0,106.0
2018-02-12 01:30:10,0,2,7333,2807.0,106.0
2018-02-12 01:45:10,0,2,7337,2809.0,106.0
2018-02-12 02:00:10,0,2,7339,2812.0,106.0
2018-02-12 02:15:10,0,2,7341,2813.0,106.5
2018-02-12 02:30:12,0,2,7343,2814.5,106.5
2018-02-12 02:45:11,0,2,7345,2815.5,106.5
2018-02-12 03:00:11,0,2,7347,2818.0,106.5
2018-02-12 03:15:11,0,2,7347,2819.0,106.5
2018-02-12 03:30:11,0,2,7349,2819.5,106.5
2018-02-12 03:45:09,0,2,7350,2819.5,106.5
2018-02-12 04:00:10,0,2,7350,2820.0,106.5
2018-02-12 04:15:11,0,2,7350,2820.0,106.5
2018-02-12 04:30:10,0,2,7353,2822.5,106.5
2018-02-12 04:45:11,0,2,7354,2824.0,106.5
2018-02-12 05:00:12,0,2,7354,2824.5,106.5
2018-02-12 05:15:10,0,2,7355,2825.0,106.5
2018-02-12 05:30:10,0,2,7356,2826.0,106.5
2018-02-12 05:45:10,0,2,7357,2829.5,106.5
2018-02-12 06:00:11,0,2,7356,2833.0,106.5
2018-02-12 06:15:10,0,2,7356,2837.5,106.5
2018-02-12 06:30:10,0,2,7361,2847.5,106.5
2018-02-12 06:45:10,0,2,7362,2859.0,106.5
2018-02-12 07:00:11,0,2,7366,2875.0,107.0
2018-02-12 07:15:10,0,2,7372,2886.0,107.0
2018-02-12 07:30:09,0,2,7376,2903.0,107.0
2018-02-12 07:45:10,0,2,7380,2914.5,107.5
2018-02-12 08:00:10,0,2,7386,2927.5,107.5
2018-02-12 08:15:08,0,2,7393,2939.5,107.5
2018-02-12 08:30:09,0,2,7399,2953.5,108.5
2018-02-12 08:45:09,0,2,7406,2961.5,108.5
2018-02-12 09:00:09,0,2,7413,2971.0,108.5
2018-02-12 09:15:09,0,2,7420,2981.5,108.5
2018-02-12 09:30:10,0,2,7424,2997.5,108.5
2018-02-12 09:45:10,0,2,7441,3014.5,109.0
2018-02-12 10:00:10,0,2,7457,3028.0,111.0
2018-02-12 10:15:09,0,2,7466,3042.5,111.5
2018-02-12 10:30:08,0,2,7485,3061.0,111.5
2018-02-12 10:45:09,0,2,7505,3080.0,111.5
2018-02-12 11:00:10,0,2,7523,3096.0,111.5
2018-02-12 11:15:08,0,2,7530,3110.5,111.5
2018-02-12 11:30:09,0,2,7547,3124.0,111.5
2018-02-12 11:45:09,0,2,7556,3130.5,111.5
2018-02-12 12:00:10,0,2,7565,3141.5,111.5
2018-02-12 12:15:10,0,2,7589,3154.5,111.5
2018-02-12 12:30:12,0,2,7609,3166.5,112.0
2018-02-12 12:45:13,0,3,7619,2231.6666666666665,79.0
2018-02-12 13:00:12,0,3,7635,2354.0,81.66666666666667
2018-02-12 13:15:11,0,3,7652,2434.6666666666665,81.66666666666667
2018-02-12 13:30:12,0,3,7670,2501.3333333333335,82.33333333333333
2018-02-12 13:45:10,0,3,7692,2560.3333333333335,83.33333333333333
2018-02-12 14:00:12,0,3,7708,2615.0,83.66666666666667
2018-02-12 14:15:11,0,3,7731,2677.6666666666665,84.66666666666667
2018-02-12 14:30:11,0,3,7746,2727.0,85.33333333333333
2018-02-12 14:45:10,0,3,7768,2766.0,85.66666666666667
2018-02-12 15:00:10,0,3,7793,2808.3333333333335,86.0
2018-02-12 15:15:10,0,3,7800,2839.0,86.33333333333333
2018-02-12 15:30:11,0,3,7812,2873.6666666666665,87.0
2018-02-12 15:45:12,0,3,7827,2901.3333333333335,87.33333333333333
2018-02-12 16:00:11,0,3,7842,2934.0,87.33333333333333
2018-02-12 16:15:12,0,3,7859,2968.3333333333335,88.0
2018-02-12 16:30:14,0,3,7875,3004.6666666666665,89.0
2018-02-12 16:45:10,0,3,7883,3030.0,90.33333333333333
2018-02-12 17:00:10,0,3,7896,3061.3333333333335,91.33333333333333
2018-02-12 17:15:10,0,3,7907,3089.3333333333335,92.33333333333333
2018-02-12 17:30:10,0,3,7926,3113.0,93.0
2018-02-12 17:45:09,0,3,7936,3133.3333333333335,93.33333333333333
2018-02-12 18:00:11,0,3,7956,3156.3333333333335,93.33333333333333
2018-02-12 18:15:12,0,3,7977,3177.3333333333335,94.0
2018-02-12 18:30:10,0,3,8000,3197.0,94.33333333333333
2018-02-12 18:45:10,0,3,8019,3216.6666666666665,94.66666666666667
2018-02-12 19:00:10,0,3,8047,3235.0,95.0
2018-02-12 19:15:13,0,3,8074,3258.0,95.33333333333333
2018-02-12 19:30:11,0,3,8095,3274.6666666666665,95.33333333333333
2018-02-12 19:45:11,0,3,8114,3298.0,96.33333333333333
2018-02-12 20:00:10,0,3,8142,3320.0,96.33333333333333
2018-02-12 20:15:10,0,3,8173,3334.3333333333335,96.33333333333333
2018-02-12 20:30:09,0,3,8194,3355.3333333333335,97.33333333333333
2018-02-12 20:45:08,0,3,8219,3376.0,97.33333333333333
2018-02-12 21:00:09,0,3,8246,3396.3333333333335,99.33333333333333
2018-02-12 21:15:08,0,3,8274,3411.0,99.33333333333333
2018-02-12 21:30:09,0,3,8301,3434.0,99.66666666666667
2018-02-12 21:45:10,0,3,8325,3451.6666666666665,99.66666666666667
2018-02-12 22:00:12,0,3,8342,3463.0,100.0
2018-02-12 22:15:12,0,3,8371,3479.0,100.0
2018-02-12 22:30:10,0,3,8387,3488.3333333333335,100.0
2018-02-12 22:45:12,0,3,8400,3498.3333333333335,100.33333333333333
2018-02-12 23:00:12,0,3,8417,3511.6666666666665,100.33333333333333
2018-02-12 23:15:10,0,3,8431,3519.0,100.66666666666667
2018-02-12 23:30:09,0,3,8442,3525.3333333333335,102.0
2018-02-12 23:45:10,0,3,8456,3532.3333333333335,102.0
2018-02-13 00:00:15,0,3,8466,3537.0,102.0
2018-02-13 00:15:11,0,3,8473,3542.6666666666665,102.0
2018-02-13 00:30:11,0,3,8480,3544.3333333333335,102.0
2018-02-13 00:45:17,0,3,8483,3546.0,102.0
2018-02-13 01:00:18,0,3,8487,3549.3333333333335,102.0
2018-02-13 01:15:18,0,3,8494,3549.6666666666665,102.0
2018-02-13 01:30:13,0,3,8495,3550.3333333333335,102.0
2018-02-13 01:45:12,0,3,8499,3550.3333333333335,102.0
2018-02-13 02:00:12,0,3,8500,3550.3333333333335,102.0
2018-02-13 02:15:10,0,3,8501,3550.6666666666665,102.0
2018-02-13 02:30:11,0,3,8501,3551.3333333333335,102.0
2018-02-13 02:45:34,0,3,8502,3551.6666666666665,102.0
2018-02-13 03:00:13,0,3,8503,3551.6666666666665,102.0
2018-02-13 03:15:14,0,3,8503,3552.0,102.0
2018-02-13 03:30:14,0,3,8504,3552.0,102.0
2018-02-13 03:45:15,0,3,8505,3552.0,102.0
2018-02-13 04:00:12,0,3,8505,3552.0,102.0
2018-02-13 04:15:12,0,3,8505,3552.0,102.0
2018-02-13 04:30:11,0,3,8505,3552.0,102.0
2018-02-13 04:45:11,0,3,8505,3552.0,102.0
2018-02-13 05:00:11,0,3,8506,3552.0,102.0
2018-02-13 05:15:11,0,3,8506,3552.0,102.0
2018-02-13 05:30:12,0,3,8507,3552.6666666666665,102.0
2018-02-13 05:45:10,0,3,8508,3552.6666666666665,102.0
2018-02-13 06:00:10,0,3,8509,3553.0,102.0
2018-02-13 06:15:11,0,3,8510,3553.3333333333335,102.0
2018-02-13 06:30:11,0,3,8513,3556.3333333333335,102.0
2018-02-13 06:45:10,0,3,8516,3558.0,102.0
2018-02-13 07:00:10,0,3,8521,3560.6666666666665,102.0
2018-02-13 07:15:10,0,3,8525,3565.0,102.0
2018-02-13 07:30:09,0,3,8526,3568.6666666666665,102.0
2018-02-13 07:45:11,0,3,8529,3573.0,102.0
2018-02-13 08:00:09,0,3,8534,3577.3333333333335,102.0
2018-02-13 08:15:11,0,3,8537,3578.6666666666665,102.33333333333333
2018-02-13 08:30:15,0,3,8542,3583.0,102.33333333333333
2018-02-13 08:45:09,0,3,8549,3584.6666666666665,102.33333333333333
2018-02-13 09:00:08,0,3,8556,3586.6666666666665,102.33333333333333
2018-02-13 09:15:10,0,3,8564,3591.3333333333335,102.33333333333333
2018-02-13 09:30:09,0,3,8569,3595.6666666666665,102.33333333333333
2018-02-13 09:45:08,0,3,8580,3600.3333333333335,102.66666666666667
2018-02-13 10:00:10,0,3,8593,3605.0,102.66666666666667
2018-02-13 10:15:09,0,3,8602,3614.0,102.66666666666667
2018-02-13 10:30:09,0,3,8605,3618.3333333333335,102.66666666666667
2018-02-13 10:45:10,0,3,8620,3622.0,102.66666666666667
2018-02-13 11:00:10,0,3,8634,3629.0,103.33333333333333
2018-02-13 11:15:09,0,3,8644,3637.3333333333335,103.33333333333333
2018-02-13 11:30:09,0,3,8650,3644.0,103.66666666666667
2018-02-13 11:45:09,0,3,8657,3651.0,103.66666666666667
2018-02-13 12:00:09,0,3,8673,3656.6666666666665,103.66666666666667
2018-02-13 12:15:09,0,3,8680,3661.0,103.66666666666667
2018-02-13 12:30:10,0,3,8695,3671.0,104.0
2018-02-13 12:45:09,0,3,8702,3673.6666666666665,104.0
2018-02-13 13:00:10,0,3,8712,3676.3333333333335,104.0
2018-02-13 13:15:09,0,3,8726,3685.3333333333335,104.0
2018-02-13 13:30:09,0,3,8732,3692.3333333333335,104.0
2018-02-13 13:45:11,0,3,8741,3701.3333333333335,104.0
2018-02-13 14:00:10,0,3,8756,3708.3333333333335,104.0
2018-02-13 14:15:09,0,3,8765,3713.0,104.33333333333333
2018-02-13 14:30:10,0,3,8777,3717.3333333333335,104.33333333333333
2018-02-13 14:45:09,0,3,8796,3723.3333333333335,104.33333333333333
2018-02-13 15:00:14,0,3,8806,3728.6666666666665,104.33333333333333
2018-02-13 15:15:09,0,3,8813,3734.3333333333335,104.33333333333333
2018-02-13 15:30:20,0,3,8821,3741.3333333333335,104.33333333333333
2018-02-13 15:45:10,0,3,8832,3743.6666666666665,104.33333333333333
2018-02-13 16:00:10,0,3,8842,3748.0,104.33333333333333
2018-02-13 16:15:11,0,3,8853,3757.6666666666665,104.33333333333333
2018-02-13 16:30:08,0,3,8860,3764.6666666666665,104.33333333333333
2018-02-13 16:45:10,0,3,8875,3774.0,104.33333333333333
2018-02-13 17:00:09,0,3,8887,3779.6666666666665,104.33333333333333
2018-02-13 17:15:09,0,3,8898,3784.0,104.33333333333333
2018-02-13 17:30:11,0,3,8906,3790.6666666666665,104.33333333333333
2018-02-13 17:45:10,0,3,8921,3796.0,104.33333333333333
2018-02-13 18:00:09,0,3,8926,3801.0,104.33333333333333
2018-02-13 18:15:08,0,3,8937,3804.0,104.33333333333333
2018-02-13 18:30:09,0,3,8949,3811.0,104.33333333333333
2018-02-13 18:45:09,0,3,8956,3816.6666666666665,104.66666666666667
2018-02-13 19:00:09,0,3,8985,3825.3333333333335,104.66666666666667
2018-02-13 19:15:09,0,3,9008,3833.3333333333335,105.0
2018-02-13 19:30:09,0,3,9027,3838.0,105.0
2018-02-13 19:45:09,0,3,9044,3845.3333333333335,105.33333333333333
2018-02-13 20:00:08,0,3,9061,3853.0,105.33333333333333
2018-02-13 20:15:10,0,3,9076,3859.0,105.66666666666667
2018-02-13 20:30:08,0,3,9089,3864.3333333333335,105.66666666666667
2018-02-13 20:45:11,0,3,9101,3874.3333333333335,105.66666666666667
2018-02-13 21:00:12,0,3,9115,3882.6666666666665,105.66666666666667
2018-02-13 21:15:12,0,3,9131,3890.0,106.0
2018-02-13 21:30:09,0,3,9144,3896.0,106.0
2018-02-13 21:45:09,0,3,9149,3898.6666666666665,106.0
2018-02-13 22:00:09,0,3,9163,3906.0,106.66666666666667
2018-02-13 22:15:10,0,3,9175,3911.6666666666665,107.0
2018-02-13 22:30:10,0,3,9184,3917.6666666666665,107.0
2018-02-13 22:45:09,0,3,9202,3924.3333333333335,107.0
2018-02-13 23:00:09,0,3,9213,3929.6666666666665,107.0
2018-02-13 23:15:10,0,3,9225,3934.6666666666665,107.0
2018-02-13 23:30:10,0,3,9234,3936.0,107.0
2018-02-13 23:45:10,0,3,9240,3936.6666666666665,107.0
2018-02-14 00:00:11,0,3,9245,3938.3333333333335,107.0
2018-02-14 00:15:14,0,3,9248,3938.6666666666665,107.0
2018-02-14 00:30:10,0,3,9251,3939.0,107.0
2018-02-14 00:45:10,0,3,9250,3940.3333333333335,107.0
2018-02-14 01:00:10,0,3,9251,3941.0,107.0
2018-02-14 01:15:12,0,3,9254,3941.0,107.0
2018-02-14 01:30:10,0,3,9255,3941.0,107.0
2018-02-14 01:45:13,0,3,9255,3941.0,107.0
2018-02-14 02:00:12,0,3,9256,3941.3333333333335,107.0
2018-02-14 02:15:14,0,3,9256,3941.6666666666665,107.0
2018-02-14 02:30:14,0,3,9256,3942.6666666666665,107.0
2018-02-14 02:45:12,0,3,9256,3942.6666666666665,107.0
2018-02-14 03:00:10,0,3,9256,3942.6666666666665,107.0
2018-02-14 03:15:12,0,3,9256,3942.6666666666665,107.0
2018-02-14 03:30:12,0,3,9256,3942.6666666666665,107.0
2018-02-14 03:45:10,0,3,9256,3942.6666666666665,107.0
2018-02-14 04:00:10,0,3,9256,3942.6666666666665,107.0
2018-02-14 04:15:11,0,3,9256,3942.6666666666665,107.0
2018-02-14 04:30:11,0,3,9257,3942.6666666666665,107.0
2018-02-14 04:45:12,0,3,9257,3942.6666666666665,107.0
2018-02-14 05:00:11,0,3,9256,3942.6666666666665,107.0
2018-02-14 05:15:11,0,3,9257,3942.6666666666665,107.0
2018-02-14 05:30:12,0,3,9257,3942.6666666666665,107.0
2018-02-14 05:45:12,0,3,9258,3943.0,107.0
2018-02-14 06:00:11,0,3,9258,3943.0,107.0
2018-02-14 06:15:11,0,3,9259,3943.3333333333335,107.0
2018-02-14 06:30:11,0,3,9261,3943.3333333333335,107.0
2018-02-14 06:45:12,0,3,9263,3944.3333333333335,107.0
2018-02-14 07:00:11,0,3,9265,3946.0,107.0
2018-02-14 07:15:11,0,3,9265,3947.3333333333335,107.0
2018-02-14 07:30:10,0,3,9266,3947.3333333333335,107.0
2018-02-14 07:45:09,0,3,9269,3948.3333333333335,107.0
2018-02-14 08:00:10,0,3,9274,3949.3333333333335,107.33333333333333
2018-02-14 08:15:11,0,3,9275,3950.3333333333335,107.33333333333333
2018-02-14 08:30:10,0,3,9281,3950.6666666666665,107.33333333333333
2018-02-14 08:45:10,0,3,9283,3950.6666666666665,107.33333333333333
2018-02-14 09:00:10,0,3,9285,3952.3333333333335,107.33333333333333
2018-02-14 09:15:10,0,3,9287,3953.0,107.33333333333333
2018-02-14 09:30:10,0,3,9292,3954.0,107.33333333333333
2018-02-14 09:45:10,0,3,9294,3957.0,107.33333333333333
2018-02-14 10:00:09,0,3,9295,3957.6666666666665,107.33333333333333
2018-02-14 10:15:09,0,3,9303,3965.0,107.66666666666667
2018-02-14 10:30:10,0,3,9306,3967.6666666666665,107.66666666666667
2018-02-14 10:45:11,0,3,9311,3969.3333333333335,107.66666666666667
2018-02-14 11:00:11,0,3,9319,3973.0,107.66666666666667
2018-02-14 11:15:10,0,3,9323,3975.6666666666665,107.66666666666667
2018-02-14 11:30:10,0,3,9327,3975.6666666666665,107.66666666666667
2018-02-14 11:45:10,0,3,9332,3977.0,107.66666666666667
2018-02-14 12:00:10,0,3,9337,3978.6666666666665,107.66666666666667
2018-02-14 12:15:09,0,3,9343,3980.0,107.66666666666667
2018-02-14 12:30:10,0,3,9347,3983.6666666666665,107.66666666666667
2018-02-14 12:45:11,32,4,9348,3010.25,81.25
2018-02-14 13:00:11,32,4,9354,3095.0,85.25
2018-02-14 13:15:10,32,4,9362,3158.5,87.0
2018-02-14 13:30:12,32,4,9372,3214.25,89.75
2018-02-14 13:45:10,32,4,9377,3275.5,91.0
2018-02-14 14:00:10,32,4,9391,3318.75,92.0
2018-02-14 14:15:10,32,4,9399,3356.0,92.25
2018-02-14 14:30:11,32,4,9409,3389.75,92.75
2018-02-14 14:45:09,32,4,9416,3419.25,93.25
2018-02-14 15:00:09,32,4,9425,3447.25,94.0
2018-02-14 15:15:09,32,4,9432,3474.0,94.0
2018-02-14 15:30:17,32,4,9438,3500.25,94.25
2018-02-14 15:45:15,32,4,9445,3522.75,94.5
2018-02-14 16:00:34,32,4,9454,3541.5,94.25
2018-02-14 16:15:19,32,4,9461,3560.5,95.0
2018-02-14 16:30:19,32,4,9466,3577.5,95.0
2018-02-14 16:45:14,32,4,9475,3594.75,95.25
2018-02-14 17:00:13,32,4,9484,3608.5,95.25
2018-02-14 17:15:10,32,4,9493,3625.5,95.25
2018-02-14 17:30:12,32,4,9498,3642.75,95.25
2018-02-14 17:45:10,32,4,9510,3656.5,95.25
2018-02-14 18:00:12,32,4,9523,3671.25,95.5
2018-02-14 18:15:11,32,4,9540,3683.75,95.5
2018-02-14 18:30:11,32,4,9556,3693.5,96.0
2018-02-14 18:45:12,32,4,9571,3710.5,96.0
2018-02-14 19:00:10,32,4,9588,3727.25,97.0
2018-02-14 19:15:10,32,4,9597,3739.5,104.25
2018-02-14 19:30:12,32,4,9603,3748.25,104.5
2018-02-14 19:45:12,32,4,9617,3762.25,105.0
2018-02-14 20:00:11,32,4,9632,3771.5,105.25
2018-02-14 20:15:09,32,4,9643,3780.75,105.5
2018-02-14 20:30:12,32,4,9645,3787.75,105.75
2018-02-14 20:45:10,32,4,9653,3800.75,106.25
2018-02-14 21:00:12,32,4,9663,3808.0,106.5
2018-02-14 21:15:09,32,4,9674,3817.75,106.5
2018-02-14 21:30:09,32,4,9682,3829.75,106.75
2018-02-14 21:45:10,32,4,9697,3839.5,107.0
2018-02-14 22:00:11,32,4,9699,3852.0,107.0
2018-02-14 22:15:11,32,4,9712,3861.0,107.0
2018-02-14 22:30:10,32,4,9722,3866.5,107.0
2018-02-14 22:45:12,32,4,9726,3873.0,107.0
2018-02-14 23:00:12,32,4,9728,3877.0,107.0
2018-02-14 23:15:09,32,4,9738,3883.25,107.0
2018-02-14 23:30:09,32,4,9739,3886.75,107.25
2018-02-14 23:45:11,32,4,9742,3888.5,107.5
2018-02-15 00:00:15,32,4,9742,3889.75,107.5
2018-02-15 00:15:14,32,4,9742,3890.0,110.25
2018-02-15 00:30:13,32,4,9744,3891.25,110.5
2018-02-15 00:45:16,32,4,9746,3892.0,110.75
2018-02-15 01:00:20,32,4,9748,3892.0,110.75
2018-02-15 01:15:22,32,4,9750,3892.75,110.75
2018-02-15 01:30:16,32,4,9753,3893.25,110.75
2018-02-15 01:45:19,32,4,9754,3894.5,110.75
2018-02-15 02:00:19,32,4,9755,3894.5,110.75
2018-02-15 02:15:20,32,4,9756,3894.5,110.75
2018-02-15 02:30:21,32,4,9756,3894.5,110.75
2018-02-15 02:45:21,32,4,9755,3895.75,110.75
2018-02-15 03:00:15,32,4,9755,3895.75,110.75
2018-02-15 03:15:16,32,4,9755,3895.75,110.75
2018-02-15 03:30:13,32,4,9755,3895.75,110.75
2018-02-15 03:45:11,32,4,9755,3895.75,110.75
2018-02-15 04:00:13,32,4,9755,3895.75,110.75
2018-02-15 04:15:14,32,4,9756,3896.0,110.75
2018-02-15 04:30:13,32,4,9756,3896.75,110.75
2018-02-15 04:45:12,32,4,9756,3896.75,110.75
2018-02-15 05:00:11,32,4,9756,3897.0,110.75
2018-02-15 05:15:12,32,4,9756,3897.25,110.75
2018-02-15 05:30:11,32,4,9756,3897.5,110.75
2018-02-15 05:45:11,32,4,9756,3897.5,110.75
2018-02-15 06:00:12,32,4,9756,3897.75,110.75
2018-02-15 06:15:12,32,4,9758,3898.25,110.75
2018-02-15 06:30:10,32,4,9757,3899.0,110.75
2018-02-15 06:45:12,32,4,9760,3899.75,111.0
2018-02-15 07:00:12,32,4,9763,3903.5,111.0
2018-02-15 07:15:10,32,4,9765,3907.25,111.5
2018-02-15 07:30:12,32,4,9767,3909.0,111.5
2018-02-15 07:45:12,32,4,9769,3910.5,111.5
2018-02-15 08:00:12,32,4,9775,3913.25,111.5
2018-02-15 08:15:12,32,4,9776,3914.0,112.25
2018-02-15 08:30:12,32,4,9779,3917.75,112.75
2018-02-15 08:45:09,32,4,9784,3919.75,112.75
2018-02-15 09:00:09,32,4,9787,3920.5,112.75
2018-02-15 09:15:08,32,4,9790,3921.25,112.75
2018-02-15 09:30:10,32,4,9793,3923.5,112.75
2018-02-15 09:45:11,32,4,9795,3927.75,112.75
2018-02-15 10:00:11,32,4,9800,3930.75,113.0
2018-02-15 10:15:10,32,4,9810,3932.5,113.0
2018-02-15 10:30:11,32,4,9816,3934.5,113.0
2018-02-15 10:45:09,32,4,9835,3939.0,113.0
2018-02-15 11:00:12,32,4,9857,3944.5,113.0
2018-02-15 11:15:10,32,4,9876,3951.25,113.0
2018-02-15 11:30:11,32,4,9896,3959.0,113.0
2018-02-15 11:45:09,32,4,9911,3963.25,113.0
2018-02-15 12:00:11,32,4,9916,3967.5,113.0
2018-02-15 12:15:09,32,4,9927,3971.25,113.0
2018-02-15 12:30:09,32,4,9939,3974.75,113.0
2018-02-15 12:45:08,32,4,9953,3978.75,113.0
2018-02-15 13:00:09,32,4,9973,3984.25,113.0
2018-02-15 13:15:12,32,4,9986,3987.75,113.0
2018-02-15 13:30:11,32,4,10006,3992.75,113.75
2018-02-15 13:45:13,32,4,10022,3998.75,113.75
2018-02-15 14:00:12,32,4,10045,4005.75,114.0
2018-02-15 14:15:11,32,4,10066,4011.25,114.25
2018-02-15 14:30:11,32,4,10081,4018.0,114.25
2018-02-15 14:45:12,32,4,10091,4024.0,114.5
2018-02-15 15:00:12,32,4,10115,4030.25,114.5
2018-02-15 15:15:17,32,4,10130,4033.5,114.5
2018-02-15 15:30:14,32,4,10150,4039.5,114.75
2018-02-15 15:45:13,32,5,10165,3305.4,94.8
2018-02-15 16:00:12,32,5,10180,3386.2,96.8
2018-02-15 16:15:12,32,5,10195,3463.0,99.0
2018-02-15 16:30:13,32,5,10216,3512.8,100.0
2018-02-15 16:45:09,32,5,10234,3556.0,103.0
2018-02-15 17:00:11,32,5,10252,3600.4,104.2
2018-02-15 17:15:10,32,5,10271,3634.2,108.0
2018-02-15 17:30:11,32,5,10307,3671.2,108.2
2018-02-15 17:45:11,33,5,10350,3705.0,108.4
2018-02-15 18:00:13,33,5,10377,3734.8,108.8
2018-02-15 18:15:10,33,5,10409,3766.2,109.6
2018-02-15 18:30:11,33,5,10452,3794.6,111.2
2018-02-15 18:45:10,33,5,10488,3821.0,111.4
2018-02-15 19:00:10,33,5,10510,3846.0,112.0
2018-02-15 19:15:11,33,5,10551,3865.2,112.4
2018-02-15 19:30:11,33,5,10573,3897.2,112.6
2018-02-15 19:45:10,33,5,10599,3919.4,113.0
2018-02-15 20:00:09,33,5,10638,3942.0,113.0
2018-02-15 20:15:10,33,5,10676,3966.6,114.0
2018-02-15 20:30:10,33,5,10721,3981.2,114.2
2018-02-15 20:45:11,33,5,10831,4013.8,115.6
2018-02-15 21:00:12,33,5,10911,4043.2,116.0
2018-02-15 21:15:11,33,5,11010,4069.0,116.6
2018-02-15 21:30:11,33,5,11118,4100.2,117.0
2018-02-15 21:45:11,33,5,11218,4133.4,117.0
2018-02-15 22:00:10,33,5,11293,4155.6,117.6
2018-02-15 22:15:12,33,5,11400,4187.6,121.8
2018-02-15 22:30:11,33,5,11463,4205.4,122.0
2018-02-15 22:45:10,33,5,11651,4251.8,123.6
2018-02-15 23:00:10,33,5,11804,4295.4,127.6
2018-02-15 23:15:14,33,6,11955,3629.6666666666665,108.33333333333333
2018-02-15 23:30:11,33,6,12166,3736.0,112.33333333333333
2018-02-15 23:45:12,33,6,12261,3799.3333333333335,113.5
2018-02-16 00:00:13,33,6,12312,3830.5,114.5
2018-02-16 00:15:14,32,6,12357,3848.3333333333335,115.33333333333333
2018-02-16 00:30:11,32,6,12383,3861.6666666666665,115.66666666666667
2018-02-16 00:45:12,32,6,12403,3870.8333333333335,116.0
2018-02-16 01:00:13,32,6,12422,3877.3333333333335,116.16666666666667
2018-02-16 01:15:15,32,6,12440,3886.0,116.16666666666667
2018-02-16 01:30:14,32,6,12449,3891.6666666666665,116.16666666666667
2018-02-16 01:45:15,32,6,12461,3894.5,116.33333333333333
2018-02-16 02:00:11,32,6,12468,3896.5,116.33333333333333
2018-02-16 02:15:15,32,6,12472,3898.5,116.33333333333333
2018-02-16 02:30:17,32,6,12476,3899.6666666666665,116.33333333333333
2018-02-16 02:45:14,32,6,12477,3900.8333333333335,116.33333333333333
2018-02-16 03:00:15,32,6,12479,3902.1666666666665,116.33333333333333
2018-02-16 03:15:17,32,6,12483,3903.8333333333335,116.33333333333333
2018-02-16 03:30:14,32,6,12483,3904.1666666666665,116.5
2018-02-16 03:45:14,32,6,12484,3905.5,116.5
2018-02-16 04:00:14,32,6,12487,3905.6666666666665,116.5
2018-02-16 04:15:15,32,6,12493,3906.8333333333335,116.5
2018-02-16 04:30:13,32,6,12494,3907.3333333333335,116.5
2018-02-16 04:45:12,32,6,12493,3908.1666666666665,116.5
2018-02-16 05:00:10,32,6,12493,3909.3333333333335,116.5
2018-02-16 05:15:12,32,6,12494,3910.0,116.5
2018-02-16 05:30:11,32,6,12497,3912.3333333333335,116.66666666666667
2018-02-16 05:45:12,32,6,12501,3916.8333333333335,116.66666666666667
2018-02-16 06:00:11,32,6,12501,3922.1666666666665,116.66666666666667
2018-02-16 06:15:12,32,6,12515,3939.1666666666665,116.66666666666667
2018-02-16 06:30:12,32,6,12524,3959.8333333333335,116.66666666666667
2018-02-16 06:45:09,32,6,12545,3988.5,117.16666666666667
2018-02-16 07:00:12,32,6,12580,4014.8333333333335,117.33333333333333
2018-02-16 07:15:11,32,6,12609,4041.5,117.5
2018-02-16 07:30:10,32,6,12637,4067.6666666666665,117.83333333333333
2018-02-16 07:45:11,32,6,12663,4088.8333333333335,118.0
2018-02-16 08:00:11,32,6,12688,4107.666666666667,118.16666666666667
2018-02-16 08:15:10,32,6,12705,4123.333333333333,118.5
2018-02-16 08:30:11,32,6,12731,4134.833333333333,118.5
2018-02-16 08:45:14,32,6,12760,4148.833333333333,118.66666666666667
2018-02-16 09:00:12,32,6,12790,4165.166666666667,118.83333333333333
2018-02-16 09:15:11,32,6,12818,4182.333333333333,118.83333333333333
2018-02-16 09:30:12,32,6,12844,4198.666666666667,118.83333333333333
2018-02-16 09:45:11,32,6,12880,4214.833333333333,119.0
2018-02-16 10:00:10,32,6,12913,4229.166666666667,119.16666666666667
2018-02-16 10:15:12,32,6,12950,4243.333333333333,119.16666666666667
2018-02-16 10:30:12,32,6,12984,4254.0,119.33333333333333
2018-02-16 10:45:11,32,7,13002,3701.4285714285716,103.57142857142857
2018-02-16 11:00:11,32,7,13036,3772.5714285714284,110.28571428571429
2018-02-16 11:15:12,32,7,13066,3833.5714285714284,111.57142857142857
2018-02-16 11:30:11,32,7,13099,3879.1428571428573,111.71428571428571
2018-02-16 11:45:20,32,7,13133,3923.714285714286,112.28571428571429
2018-02-16 12:00:12,32,7,13162,3958.714285714286,112.57142857142857
2018-02-16 12:15:11,32,7,13194,3994.285714285714,112.85714285714286
2018-02-16 12:30:10,32,7,13229,4024.714285714286,113.0
2018-02-16 12:45:09,32,7,13259,4061.0,113.28571428571429
2018-02-16 13:00:11,32,7,13282,4093.4285714285716,113.42857142857143
2018-02-16 13:15:11,32,7,13316,4126.714285714285,113.42857142857143
2018-02-16 13:30:11,32,7,13347,4173.857142857143,113.71428571428571
2018-02-16 13:45:11,32,7,13380,4223.142857142857,114.0
2018-02-16 14:00:09,32,7,13427,4272.571428571428,114.42857142857143
2018-02-16 14:15:09,32,7,13464,4317.428571428572,114.57142857142857
2018-02-16 14:30:11,32,7,13503,4356.285714285715,114.85714285714286
2018-02-16 14:45:12,32,7,13541,4391.0,114.85714285714286
2018-02-16 15:00:10,32,8,13598,3951.875,104.375
2018-02-16 15:15:12,32,8,13647,4036.25,105.25
2018-02-16 15:30:10,32,8,13689,4104.875,105.625
2018-02-16 15:45:09,32,8,13743,4165.875,106.0
2018-02-16 16:00:09,32,8,13791,4222.25,106.375
2018-02-16 16:15:09,32,8,13844,4262.875,106.875
2018-02-16 16:30:10,32,8,13878,4302.375,107.5
2018-02-16 16:45:12,32,8,13918,4341.5,107.75
2018-02-16 17:00:12,32,8,13967,4370.5,108.0
2018-02-16 17:15:14,32,8,13997,4400.875,108.0
2018-02-16 17:30:11,32,8,14033,4435.5,108.375
2018-02-16 17:45:12,32,8,14074,4466.125,108.375
2018-02-16 18:00:10,32,8,14108,4494.25,108.75
2018-02-16 18:15:10,32,8,14141,4521.625,109.125
2018-02-16 18:30:11,32,8,14180,4547.0,109.25
2018-02-16 18:45:10,32,8,14213,4575.25,109.375
2018-02-16 19:00:11,32,8,14265,4597.625,109.625
2018-02-16 19:15:09,32,8,14328,4622.0,109.75
2018-02-16 19:30:09,32,8,14380,4647.625,110.125
2018-02-16 19:45:09,32,8,14420,4670.75,110.375
2018-02-16 20:00:10,32,8,14477,4696.0,110.75
2018-02-16 20:15:10,32,8,14514,4716.5,111.25
2018-02-16 20:30:09,32,8,14550,4738.125,111.625
2018-02-16 20:45:10,32,8,14601,4756.375,111.625
2018-02-16 21:00:10,32,8,14640,4777.875,112.25
2018-02-16 21:15:10,32,8,14687,4795.375,112.625
2018-02-16 21:30:10,32,8,14739,4813.375,112.75
2018-02-16 21:45:10,32,8,14792,4832.25,113.0
2018-02-16 22:00:10,32,8,14835,4853.25,113.375
2018-02-16 22:15:09,32,8,14896,4875.5,113.875
2018-02-16 22:30:11,32,8,14943,4893.625,114.125
2018-02-16 22:45:09,32,8,14995,4914.125,114.125
2018-02-16 23:00:09,32,8,15050,4934.5,114.375
2018-02-16 23:15:10,32,8,15092,4945.875,114.5
2018-02-16 23:30:10,32,8,15141,4960.5,114.625
2018-02-16 23:45:12,32,8,15167,4970.0,114.625
2018-02-17 00:00:11,32,8,15192,4976.625,114.625
2018-02-17 00:15:10,32,8,15216,4983.875,114.625
2018-02-17 00:30:11,32,8,15228,4988.0,114.625
2018-02-17 00:45:12,32,8,15244,4993.125,114.625
2018-02-17 01:00:12,32,8,15256,4996.75,114.625
2018-02-17 01:15:11,32,8,15266,5001.0,114.625
2018-02-17 01:30:11,32,8,15272,5002.25,114.625
2018-02-17 01:45:11,32,8,15280,5004.125,114.625
2018-02-17 02:00:11,32,8,15285,5005.625,114.625
2018-02-17 02:15:09,32,8,15287,5008.75,114.625
2018-02-17 02:30:12,32,8,15291,5009.25,114.625
2018-02-17 02:45:11,32,8,15291,5009.375,114.625
2018-02-17 03:00:13,32,8,15297,5010.125,114.625
2018-02-17 03:15:12,32,8,15300,5010.625,114.75
2018-02-17 03:30:11,32,8,15300,5011.0,114.75
2018-02-17 03:45:12,32,8,15302,5011.125,114.75
2018-02-17 04:00:12,33,8,15304,5011.125,114.75
2018-02-17 04:15:11,33,8,15305,5011.125,114.75
2018-02-17 04:30:12,33,8,15305,5011.25,114.75
2018-02-17 04:45:12,33,8,15305,5011.25,114.75
2018-02-17 05:00:13,33,8,15307,5011.5,114.75
2018-02-17 05:15:11,33,8,15306,5011.875,114.75
2018-02-17 05:30:11,33,8,15306,5012.25,114.75
2018-02-17 05:45:11,33,8,15308,5012.375,114.75
2018-02-17 06:00:11,33,8,15310,5012.5,114.75
2018-02-17 06:15:12,33,8,15311,5012.75,114.75
2018-02-17 06:30:11,33,8,15311,5013.125,114.75
2018-02-17 06:45:11,33,8,15317,5013.875,114.75
2018-02-17 07:00:12,33,8,15320,5015.375,114.75
2018-02-17 07:15:11,33,8,15322,5016.625,114.75
2018-02-17 07:30:10,33,8,15326,5019.125,114.75
2018-02-17 07:45:10,33,8,15331,5022.0,114.75
2018-02-17 08:00:10,33,8,15334,5025.25,114.75
2018-02-17 08:15:10,33,8,15344,5032.375,114.75
2018-02-17 08:30:10,33,8,15355,5038.5,114.75
2018-02-17 08:45:10,33,8,15376,5045.875,114.75
2018-02-17 09:00:09,33,8,15401,5058.875,114.875
2018-02-17 09:15:10,33,8,15428,5066.875,114.875
2018-02-17 09:30:09,33,8,15456,5079.875,114.875
2018-02-17 09:45:11,33,8,15485,5093.875,114.875
2018-02-17 10:00:09,33,8,15503,5103.0,115.0
2018-02-17 10:15:11,33,8,15526,5121.125,115.5
2018-02-17 10:30:09,33,8,15559,5136.125,115.625
2018-02-17 10:45:10,33,8,15584,5148.375,115.625
2018-02-17 11:00:11,33,8,15608,5161.0,115.75
2018-02-17 11:15:09,33,8,15632,5172.25,115.875
2018-02-17 11:30:09,33,8,15658,5180.375,115.875
2018-02-17 11:45:09,33,8,15688,5190.0,115.875
2018-02-17 12:00:11,33,8,15711,5198.75,116.0
2018-02-17 12:15:09,33,8,15733,5208.125,116.125
2018-02-17 12:30:10,33,8,15752,5217.875,116.25
2018-02-17 12:45:13,33,8,15774,5226.625,116.25
2018-02-17 13:00:10,33,8,15793,5233.75,116.25
2018-02-17 13:15:11,33,8,15816,5243.25,116.25
2018-02-17 13:30:09,33,9,15835,4751.777777777777,106.55555555555556
2018-02-17 13:45:09,33,9,15858,4813.222222222223,107.33333333333333
2018-02-17 14:00:10,33,9,15874,4857.666666666667,107.88888888888889
2018-02-17 14:15:10,33,9,15894,4892.777777777777,108.33333333333333
2018-02-17 14:30:11,33,9,15913,4922.555555555556,108.77777777777777
2018-02-17 14:45:08,33,9,15936,4954.444444444444,109.44444444444444
2018-02-17 15:00:09,33,9,15955,4980.888888888889,109.77777777777777
2018-02-17 15:15:08,33,9,15980,5000.0,110.22222222222223
2018-02-17 15:30:08,33,9,16007,5020.0,110.33333333333333
2018-02-17 15:45:10,33,9,16023,5040.111111111111,110.33333333333333
2018-02-17 16:00:10,33,9,16037,5058.333333333333,110.33333333333333
2018-02-17 16:15:09,33,9,16064,5073.111111111111,110.55555555555556
2018-02-17 16:30:09,33,9,16086,5089.444444444444,110.55555555555556
2018-02-17 16:45:12,33,9,16098,5103.333333333333,110.77777777777777
2018-02-17 17:00:10,33,9,16104,5115.888888888889,110.77777777777777
2018-02-17 17:15:10,33,9,16116,5130.333333333333,111.0
2018-02-17 17:30:09,33,9,16134,5139.777777777777,111.11111111111111
2018-02-17 17:45:09,33,9,16162,5155.111111111111,111.22222222222223
2018-02-17 18:00:09,33,9,16180,5164.333333333333,111.22222222222223
2018-02-17 18:15:09,33,9,16208,5178.666666666667,111.33333333333333
2018-02-17 18:30:13,33,9,16228,5193.222222222223,111.44444444444444
2018-02-17 18:45:12,33,9,16244,5203.444444444444,111.44444444444444
2018-02-17 19:00:13,33,9,16264,5213.777777777777,111.55555555555556
2018-02-17 19:15:11,33,9,16279,5220.111111111111,111.55555555555556
2018-02-17 19:30:15,33,9,16294,5228.333333333333,111.55555555555556
2018-02-17 19:45:12,33,9,16308,5235.555555555556,111.55555555555556
2018-02-17 20:00:11,33,9,16332,5246.444444444444,111.55555555555556
2018-02-17 20:15:08,33,9,16352,5256.222222222223,111.66666666666667
2018-02-17 20:30:20,33,9,16366,5264.888888888889,112.0
2018-02-17 20:45:15,33,9,16385,5273.333333333333,112.0
2018-02-17 21:05:41,33,9,16410,5283.333333333333,112.22222222222223
2018-02-17 21:15:58,33,9,16423,5289.555555555556,112.22222222222223
2018-02-17 21:33:10,33,9,16443,5299.555555555556,112.22222222222223
2018-02-17 21:45:25,33,9,16455,5306.0,112.22222222222223
2018-02-17 22:05:35,33,9,16482,5317.0,112.22222222222223
2018-02-17 22:30:12,33,9,16507,5326.888888888889,112.44444444444444
2018-02-17 22:45:10,33,9,16521,5333.333333333333,112.66666666666667
2018-02-17 23:00:09,33,9,16533,5339.222222222223,113.11111111111111
2018-02-17 23:15:08,33,9,16548,5345.111111111111,113.11111111111111
2018-02-17 23:30:09,33,9,16568,5352.555555555556,113.22222222222223
2018-02-17 23:45:09,33,9,16578,5357.444444444444,113.44444444444444
2018-02-18 00:00:09,33,9,16589,5365.333333333333,113.44444444444444
2018-02-18 00:15:08,33,9,16600,5368.333333333333,113.55555555555556
2018-02-18 00:30:08,33,9,16610,5370.444444444444,113.55555555555556
2018-02-18 00:45:08,33,9,16616,5374.111111111111,113.66666666666667
2018-02-18 01:00:16,33,9,16620,5377.555555555556,113.77777777777777
2018-02-18 01:15:22,33,9,16630,5379.666666666667,113.77777777777777
2018-02-18 01:30:20,33,9,16638,5382.111111111111,113.77777777777777
2018-02-18 01:45:25,33,9,16646,5383.111111111111,113.77777777777777
2018-02-18 02:00:44,33,9,16647,5384.555555555556,113.77777777777777
2018-02-18 02:15:40,33,9,16649,5385.0,113.77777777777777
2018-02-18 02:30:52,33,9,16652,5387.333333333333,113.77777777777777
2018-02-18 02:45:34,33,9,16654,5387.888888888889,113.77777777777777
2018-02-18 03:00:29,33,9,16656,5388.444444444444,113.77777777777777
2018-02-18 03:15:38,33,9,16657,5389.111111111111,113.77777777777777
2018-02-18 03:30:31,33,9,16657,5389.555555555556,113.77777777777777
2018-02-18 03:45:36,33,9,16657,5389.666666666667,113.77777777777777
2018-02-18 04:00:30,33,9,16657,5390.333333333333,113.77777777777777
2018-02-18 04:15:35,33,9,16659,5390.666666666667,113.77777777777777
2018-02-18 04:30:31,33,9,16657,5390.666666666667,113.77777777777777
2018-02-18 04:45:26,33,9,16658,5390.777777777777,113.77777777777777
2018-02-18 05:00:31,33,9,16657,5390.777777777777,113.77777777777777
2018-02-18 05:15:36,33,9,16657,5390.777777777777,113.77777777777777
2018-02-18 05:30:26,33,9,16658,5391.0,113.77777777777777
2018-02-18 05:45:37,33,9,16658,5391.0,113.77777777777777
2018-02-18 06:00:46,33,9,16658,5391.222222222223,113.77777777777777
2018-02-18 06:15:32,33,9,16661,5391.333333333333,113.77777777777777
2018-02-18 06:30:34,33,9,16661,5391.333333333333,113.77777777777777
2018-02-18 06:45:44,33,9,16661,5391.666666666667,113.77777777777777
2018-02-18 07:00:36,33,9,16662,5391.777777777777,113.77777777777777
2018-02-18 07:15:49,33,9,16662,5392.333333333333,113.77777777777777
2018-02-18 07:30:31,33,9,16665,5392.777777777777,113.77777777777777
2018-02-18 07:45:43,33,9,16670,5393.666666666667,113.77777777777777
2018-02-18 08:00:38,33,9,16675,5396.888888888889,113.77777777777777
2018-02-18 08:15:34,33,9,16680,5398.0,113.77777777777777
2018-02-18 08:30:36,33,9,16682,5401.888888888889,113.77777777777777
2018-02-18 08:45:38,33,9,16688,5404.888888888889,113.77777777777777
2018-02-18 09:00:36,33,9,16700,5411.222222222223,113.77777777777777
2018-02-18 09:15:27,33,9,16711,5415.111111111111,113.88888888888889
2018-02-18 09:30:16,33,9,16724,5420.666666666667,113.88888888888889
2018-02-18 09:45:18,33,9,16733,5423.333333333333,113.88888888888889
2018-02-18 10:00:17,33,9,16745,5427.555555555556,114.0
2018-02-18 10:15:14,33,9,16757,5432.333333333333,114.11111111111111
2018-02-18 10:30:15,33,9,16773,5436.333333333333,114.11111111111111
2018-02-18 10:45:13,33,9,16808,5443.444444444444,114.22222222222223
2018-02-18 11:00:12,33,10,16852,4916.6,103.1
2018-02-18 11:15:10,33,10,16885,4984.6,103.9
2018-02-18 11:30:13,33,10,16913,5032.6,104.1
2018-02-18 11:45:13,33,10,16941,5073.8,104.7
2018-02-18 12:00:13,33,10,16966,5109.5,105.1
2018-02-18 12:15:13,33,10,16988,5134.8,105.1
2018-02-18 12:30:11,33,10,17018,5158.2,105.2
2018-02-18 12:45:08,33,10,17043,5175.1,105.4
2018-02-18 13:00:08,33,10,17069,5193.1,105.5
2018-02-18 13:15:08,33,10,17099,5209.7,105.5
2018-02-18 13:30:18,33,10,17119,5227.2,105.6
2018-02-18 13:45:20,33,10,17137,5243.0,105.6
2018-02-18 14:00:21,33,10,17163,5254.6,105.8
2018-02-18 14:15:29,33,10,17188,5269.7,105.8
2018-02-18 14:30:26,33,10,17210,5279.5,105.9
2018-02-18 14:45:34,33,10,17222,5291.2,105.9
2018-02-18 15:00:27,33,10,17231,5299.3,106.1
2018-02-18 15:15:26,33,10,17249,5313.2,106.2
2018-02-18 15:30:29,33,10,17270,5322.3,106.2
2018-02-18 15:45:31,33,10,17284,5330.1,106.2
2018-02-18 16:00:28,33,10,17298,5336.6,106.2
2018-02-18 16:15:23,33,10,17313,5344.2,106.2
2018-02-18 16:30:32,33,10,17327,5351.5,106.3
2018-02-18 16:45:21,33,10,17339,5359.5,106.3
2018-02-18 17:00:22,33,10,17364,5368.0,106.4
2018-02-18 17:15:32,33,10,17376,5375.8,106.4
2018-02-18 17:30:23,33,10,17394,5382.5,106.5
2018-02-18 17:45:25,33,10,17417,5396.6,106.5
2018-02-18 18:00:23,33,10,17441,5406.8,106.8
2018-02-18 18:15:27,33,10,17466,5416.8,106.9
2018-02-18 18:30:19,33,10,17488,5424.8,107.1
2018-02-18 18:45:20,33,10,17510,5431.5,107.2
2018-02-18 19:00:23,33,10,17539,5441.7,107.3
2018-02-18 19:15:31,33,10,17555,5452.3,107.3
2018-02-18 19:30:30,33,10,17571,5460.9,107.3
2018-02-18 19:45:37,33,10,17590,5470.7,107.3
2018-02-18 20:00:37,33,10,17603,5480.8,107.3
2018-02-18 20:15:35,33,10,17616,5486.4,107.3
2018-02-18 20:30:47,33,10,17629,5493.1,107.3
2018-02-18 20:45:29,33,10,17652,5501.7,107.3
2018-02-18 21:00:29,33,10,17665,5506.6,107.4
2018-02-18 21:15:10,33,10,17673,5512.3,107.4
2018-02-18 21:30:10,33,10,17683,5516.2,107.5
2018-02-18 21:45:09,33,10,17704,5520.7,107.7
2018-02-18 22:00:19,33,10,17718,5527.7,107.7
2018-02-18 22:15:23,33,10,17733,5531.9,107.7
2018-02-18 22:30:11,33,10,17752,5537.2,107.7
2018-02-18 22:45:13,33,10,17762,5542.1,107.7
2018-02-18 23:00:13,33,10,17768,5548.3,107.7
2018-02-18 23:15:11,33,10,17776,5550.7,107.8
2018-02-18 23:30:10,33,10,17786,5553.1,107.8
2018-02-18 23:45:13,33,10,17796,5556.4,107.9
2018-02-19 00:00:13,33,10,17797,5557.3,107.9
2018-02-19 00:15:14,33,10,17801,5558.4,107.9
2018-02-19 00:30:11,33,10,17804,5559.0,107.9
2018-02-19 00:45:11,33,10,17807,5559.3,107.9
2018-02-19 01:00:10,33,10,17808,5559.8,107.9
2018-02-19 01:15:14,33,10,17811,5561.0,107.9
2018-02-19 01:30:13,33,10,17814,5561.5,107.9
2018-02-19 01:45:10,33,10,17813,5561.5,107.9
2018-02-19 02:00:12,33,10,17814,5561.6,107.9
2018-02-19 02:15:16,33,10,17815,5561.7,107.9
2018-02-19 02:30:15,33,10,17817,5561.7,107.9
2018-02-19 02:45:12,33,10,17817,5561.7,107.9
2018-02-19 03:00:10,33,10,17817,5561.8,107.9
2018-02-19 03:15:14,33,10,17818,5561.8,107.9
2018-02-19 03:30:11,33,10,17818,5561.8,107.9
2018-02-19 03:45:17,33,10,17818,5562.0,107.9
2018-02-19 04:00:13,33,10,17818,5562.0,107.9
2018-02-19 04:15:10,33,10,17819,5562.1,107.9
2018-02-19 04:30:11,33,10,17818,5562.1,107.9
2018-02-19 04:45:11,33,10,17818,5562.1,107.9
2018-02-19 05:00:10,33,10,17820,5562.1,107.9
2018-02-19 05:15:11,33,10,17820,5562.2,107.9
2018-02-19 05:30:10,33,10,17820,5562.4,107.9
2018-02-19 05:45:11,33,10,17823,5562.8,107.9
2018-02-19 06:00:11,33,10,17823,5563.0,107.9
2018-02-19 06:15:11,33,10,17824,5563.3,107.9
2018-02-19 06:30:09,33,10,17827,5563.9,107.9
2018-02-19 06:45:10,33,10,17825,5565.3,107.9
2018-02-19 07:00:10,33,10,17828,5567.1,107.9
2018-02-19 07:15:09,33,10,17828,5570.4,107.9
2018-02-19 07:30:09,33,10,17832,5571.0,107.9
2018-02-19 07:45:10,33,10,17831,5572.2,107.9
2018-02-19 08:00:10,33,10,17834,5572.3,107.9
2018-02-19 08:15:09,33,10,17835,5573.1,107.9
2018-02-19 08:30:10,33,10,17838,5573.9,107.9
2018-02-19 08:45:10,33,10,17839,5573.9,107.9
2018-02-19 09:00:09,33,10,17843,5574.3,107.9
2018-02-19 09:15:10,33,10,17846,5575.0,107.9
2018-02-19 09:30:10,33,10,17849,5575.1,108.0
2018-02-19 09:45:14,33,10,17853,5577.3,108.0
2018-02-19 10:00:09,33,10,17855,5578.8,108.0
2018-02-19 10:15:10,33,10,17864,5580.0,108.0
2018-02-19 10:30:09,33,10,17869,5580.8,108.0
2018-02-19 10:45:12,33,10,17874,5581.5,108.0
2018-02-19 11:00:10,33,10,17880,5582.9,108.0
2018-02-19 11:15:11,33,10,17881,5583.4,108.0
2018-02-19 11:30:10,33,10,17885,5584.6,108.1
2018-02-19 11:45:10,33,10,17887,5585.1,108.1
2018-02-19 12:00:10,33,10,17892,5585.5,108.1
2018-02-19 12:15:11,33,10,17897,5586.7,108.1
2018-02-19 12:30:10,33,10,17899,5587.8,108.1
2018-02-19 12:45:10,33,10,17900,5589.1,108.1
2018-02-19 13:00:12,33,10,17903,5590.0,108.1
2018-02-19 13:15:39,33,9,17912,5604.0,109.22222222222223
2018-02-19 13:30:23,33,9,17921,5605.222222222223,109.22222222222223
2018-02-19 13:45:17,33,9,17933,5607.333333333333,109.22222222222223
2018-02-19 14:00:21,33,9,17937,5609.111111111111,109.22222222222223
2018-02-19 14:15:08,33,9,17949,5610.111111111111,109.22222222222223
2018-02-19 14:30:11,33,9,17960,5613.333333333333,109.22222222222223
2018-02-19 14:45:37,33,9,17974,5616.333333333333,109.22222222222223
2018-02-19 15:00:42,33,9,17977,5620.111111111111,109.22222222222223
2018-02-19 15:15:18,33,9,17979,5620.555555555556,109.22222222222223
2018-02-19 15:30:20,33,9,17987,5623.666666666667,109.22222222222223
2018-02-19 15:45:17,33,9,17994,5626.222222222223,109.22222222222223
2018-02-19 16:00:19,33,9,18002,5627.777777777777,109.33333333333333
2018-02-19 16:15:26,33,9,18017,5630.666666666667,109.44444444444444
2018-02-19 16:30:22,33,9,18025,5632.666666666667,109.44444444444444
2018-02-19 16:45:25,33,9,18036,5634.222222222223,109.55555555555556
2018-02-19 17:00:22,33,9,18045,5635.666666666667,109.55555555555556
2018-02-19 17:15:21,33,9,18055,5638.666666666667,109.55555555555556
2018-02-19 17:30:41,33,9,18065,5639.555555555556,109.55555555555556
2018-02-19 17:45:27,33,9,18074,5641.222222222223,109.66666666666667
2018-02-19 18:00:09,33,9,18093,5642.888888888889,109.66666666666667
2018-02-19 18:15:09,33,9,18106,5644.222222222223,109.77777777777777
2018-02-19 18:30:09,33,9,18135,5648.444444444444,109.77777777777777
2018-02-19 18:45:09,33,9,18155,5653.777777777777,109.77777777777777
2018-02-19 19:00:17,33,9,18184,5656.0,109.77777777777777
2018-02-19 19:15:27,33,9,18188,5657.777777777777,109.88888888888889
2018-02-19 19:30:32,33,9,18194,5660.777777777777,109.88888888888889
2018-02-19 19:45:35,33,9,18207,5662.222222222223,109.88888888888889
2018-02-19 20:00:35,33,9,18220,5665.111111111111,109.88888888888889
2018-02-19 20:15:08,33,9,18238,5667.222222222223,109.88888888888889
2018-02-19 20:30:09,33,9,18256,5670.888888888889,109.88888888888889
2018-02-19 20:45:08,33,9,18278,5673.222222222223,109.88888888888889
2018-02-19 21:00:08,33,9,18288,5677.333333333333,110.11111111111111
2018-02-19 21:15:09,33,9,18298,5681.111111111111,110.11111111111111
2018-02-19 21:30:09,33,9,18304,5683.222222222223,110.11111111111111
2018-02-19 21:45:09,33,9,18316,5685.555555555556,110.11111111111111
2018-02-19 22:00:12,33,9,18325,5687.111111111111,110.11111111111111
2018-02-19 22:15:30,33,9,18335,5688.666666666667,110.11111111111111
2018-02-19 22:30:42,33,9,18347,5690.444444444444,110.11111111111111
2018-02-19 22:45:31,33,9,18351,5692.333333333333,110.11111111111111
2018-02-19 23:00:37,33,9,18356,5692.666666666667,110.11111111111111
2018-02-19 23:15:35,33,9,18361,5693.0,110.11111111111111
2018-02-19 23:30:40,33,9,18365,5694.111111111111,110.11111111111111
2018-02-19 23:45:33,33,9,18367,5694.222222222223,110.11111111111111
2018-02-20 00:00:21,33,9,18368,5695.333333333333,110.11111111111111
2018-02-20 00:15:42,33,9,18373,5695.777777777777,110.11111111111111
2018-02-20 00:30:31,33,9,18376,5695.777777777777,110.11111111111111
2018-02-20 00:45:38,33,9,18378,5695.777777777777,110.11111111111111
2018-02-20 01:00:36,33,9,18379,5695.888888888889,110.11111111111111
2018-02-20 01:15:36,33,9,18380,5695.888888888889,110.11111111111111
2018-02-20 01:30:43,33,9,18381,5695.888888888889,110.11111111111111
2018-02-20 01:45:45,33,9,18382,5696.111111111111,110.11111111111111
2018-02-20 02:00:36,33,9,18382,5696.111111111111,110.11111111111111
2018-02-20 02:15:37,33,9,18382,5696.111111111111,110.11111111111111
2018-02-20 02:30:35,33,9,18382,5696.111111111111,110.11111111111111
2018-02-20 02:45:38,33,9,18382,5696.111111111111,110.11111111111111
2018-02-20 03:00:35,33,9,18382,5696.111111111111,110.11111111111111
2018-02-20 03:15:25,33,9,18383,5696.111111111111,110.11111111111111
2018-02-20 03:30:22,33,9,18383,5696.111111111111,110.11111111111111
2018-02-20 03:45:31,33,9,18383,5696.111111111111,110.11111111111111
2018-02-20 04:00:27,33,9,18383,5696.111111111111,110.11111111111111
2018-02-20 04:15:25,33,9,18383,5696.111111111111,110.11111111111111
2018-02-20 04:30:23,33,9,18382,5696.111111111111,110.11111111111111
2018-02-20 04:45:27,33,9,18383,5696.111111111111,110.11111111111111
2018-02-20 05:00:22,33,9,18385,5696.111111111111,110.11111111111111
2018-02-20 05:15:20,33,9,18385,5696.111111111111,110.11111111111111
2018-02-20 05:30:22,33,9,18385,5696.222222222223,110.11111111111111
2018-02-20 05:45:31,33,9,18385,5696.222222222223,110.11111111111111
2018-02-20 06:00:20,33,9,18385,5696.333333333333,110.11111111111111
2018-02-20 06:15:15,33,9,18386,5696.666666666667,110.11111111111111
2018-02-20 06:30:17,33,9,18385,5697.0,110.11111111111111
2018-02-20 06:45:16,33,9,18389,5698.0,110.11111111111111
2018-02-20 07:00:15,33,9,18392,5700.222222222223,110.11111111111111
2018-02-20 07:15:15,33,9,18396,5701.444444444444,110.11111111111111
2018-02-20 07:30:15,33,9,18398,5702.444444444444,110.11111111111111
2018-02-20 07:45:16,33,9,18402,5703.111111111111,110.11111111111111
2018-02-20 08:00:14,33,9,18402,5703.666666666667,110.11111111111111
2018-02-20 08:15:16,33,9,18403,5704.222222222223,110.11111111111111
2018-02-20 08:30:14,33,9,18406,5704.777777777777,110.11111111111111
2018-02-20 08:45:12,33,9,18407,5704.888888888889,110.11111111111111
2018-02-20 09:00:16,33,9,18409,5705.111111111111,110.11111111111111
2018-02-20 09:15:15,33,9,18412,5705.111111111111,110.11111111111111
2018-02-20 09:30:14,33,9,18413,5705.333333333333,110.11111111111111
2018-02-20 09:45:13,33,9,18413,5705.444444444444,110.11111111111111
2018-02-20 10:00:14,33,9,18415,5706.222222222223,110.11111111111111
2018-02-20 10:15:13,33,9,18423,5707.0,110.11111111111111
2018-02-20 10:30:17,33,9,18425,5707.111111111111,110.11111111111111
2018-02-20 10:45:19,33,9,18429,5707.555555555556,110.11111111111111
2018-02-20 11:00:13,33,9,18430,5707.777777777777,110.11111111111111
2018-02-20 11:15:13,33,9,18430,5707.888888888889,110.11111111111111
2018-02-20 11:30:15,33,9,18430,5708.444444444444,110.11111111111111
2018-02-20 11:45:21,33,9,18432,5709.0,110.11111111111111
2018-02-20 12:00:08,33,9,18431,5709.111111111111,110.11111111111111
2018-02-20 12:15:09,33,9,18436,5710.222222222223,110.11111111111111
2018-02-20 12:30:08,33,9,18440,5710.333333333333,110.11111111111111
2018-02-20 12:45:09,33,9,18442,5711.111111111111,110.11111111111111
2018-02-20 13:00:09,33,9,18451,5712.555555555556,110.11111111111111
2018-02-20 13:15:09,33,9,18456,5713.222222222223,110.11111111111111
2018-02-20 13:30:09,33,9,18458,5713.555555555556,110.11111111111111
2018-02-20 13:45:12,33,9,18463,5714.888888888889,110.11111111111111
2018-02-20 14:00:10,33,9,18470,5716.666666666667,110.22222222222223
2018-02-20 14:15:09,33,9,18477,5719.444444444444,110.22222222222223
2018-02-20 14:30:10,33,9,18486,5722.888888888889,110.22222222222223
2018-02-20 14:45:10,33,9,18495,5725.888888888889,110.22222222222223
2018-02-20 15:00:10,33,9,18503,5728.444444444444,110.22222222222223
2018-02-20 15:15:09,33,9,18511,5729.0,110.22222222222223
2018-02-20 15:30:09,33,9,18509,5729.666666666667,110.22222222222223
2018-02-20 15:45:12,33,9,18518,5731.111111111111,110.22222222222223
2018-02-20 16:00:16,33,9,18531,5735.777777777777,110.22222222222223
2018-02-20 16:15:11,33,9,18540,5737.333333333333,110.22222222222223
2018-02-20 16:30:09,33,9,18546,5738.333333333333,110.22222222222223
2018-02-20 16:45:09,33,9,18550,5739.0,110.22222222222223
2018-02-20 17:00:11,33,9,18555,5739.777777777777,110.22222222222223
2018-02-20 17:15:11,33,9,18558,5741.777777777777,110.22222222222223
2018-02-20 17:30:10,33,9,18560,5743.0,110.22222222222223
2018-02-20 17:45:11,33,9,18574,5744.888888888889,110.22222222222223
2018-02-20 18:00:10,33,9,18580,5745.888888888889,110.22222222222223
2018-02-20 18:15:10,33,9,18594,5746.777777777777,110.22222222222223
2018-02-20 18:30:08,33,9,18603,5749.111111111111,110.22222222222223
2018-02-20 18:45:09,33,9,18609,5749.888888888889,110.22222222222223
2018-02-20 19:00:09,33,9,18615,5752.555555555556,110.22222222222223
2018-02-20 19:15:09,33,9,18615,5755.111111111111,110.22222222222223
2018-02-20 19:30:10,33,9,18626,5757.111111111111,110.22222222222223
2018-02-20 19:45:30,33,9,18637,5758.555555555556,110.22222222222223
2018-02-20 20:00:31,33,9,18646,5760.111111111111,110.22222222222223
2018-02-20 20:15:34,33,9,18651,5760.888888888889,110.22222222222223
2018-02-20 20:30:33,33,9,18664,5762.888888888889,110.22222222222223
2018-02-20 20:45:38,33,10,18670,5309.4,103.4
2018-02-20 21:00:09,33,10,18675,5422.6,105.0
2018-02-20 21:15:10,33,10,18677,5494.3,105.6
2018-02-20 21:30:23,33,10,18690,5544.4,106.4
2018-02-20 21:45:21,33,10,18709,5583.5,106.9
2018-02-20 22:00:19,33,10,18725,5615.8,107.2
2018-02-20 22:15:23,33,10,18738,5639.9,107.6
2018-02-20 22:30:34,33,10,18750,5658.1,107.7
2018-02-20 22:45:26,33,10,18753,5670.5,107.9
2018-02-20 23:00:23,33,10,18761,5681.6,107.9
2018-02-20 23:15:27,33,10,18764,5688.6,107.9
2018-02-20 23:30:09,33,10,18767,5692.8,108.1
2018-02-20 23:45:09,33,10,18771,5697.9,108.1
2018-02-21 00:00:09,33,10,18777,5701.1,108.2
2018-02-21 00:15:10,33,10,18778,5703.4,108.2
2018-02-21 00:30:09,33,10,18780,5704.4,108.3
2018-02-21 00:45:11,33,10,18783,5705.4,108.3
2018-02-21 01:00:12,33,10,18786,5706.5,108.3
2018-02-21 01:15:10,33,10,18786,5707.7,108.5
2018-02-21 01:30:10,33,10,18786,5708.2,108.5
2018-02-21 01:45:10,33,10,18786,5709.0,108.5
2018-02-21 02:00:20,33,10,18787,5709.5,108.5
2018-02-21 02:15:20,33,10,18788,5709.9,108.5
2018-02-21 02:30:20,33,10,18789,5710.5,108.5
2018-02-21 02:45:23,33,10,18788,5710.7,108.5
2018-02-21 03:00:22,33,10,18789,5711.0,108.5
2018-02-21 03:15:15,33,10,18789,5711.2,108.5
2018-02-21 03:30:10,33,10,18789,5711.3,108.5
2018-02-21 03:45:10,33,10,18791,5711.5,108.5
2018-02-21 04:00:09,33,10,18791,5711.7,108.5
2018-02-21 04:15:10,33,10,18791,5711.8,108.5
2018-02-21 04:30:10,33,10,18791,5711.8,108.5
2018-02-21 04:45:09,33,10,18790,5711.9,108.5
2018-02-21 05:00:09,33,10,18790,5712.1,108.5
2018-02-21 05:15:10,33,10,18789,5712.9,108.5
2018-02-21 05:30:09,33,10,18789,5714.0,108.5
2018-02-21 05:45:09,33,10,18789,5715.3,108.5
2018-02-21 06:00:10,33,10,18788,5718.3,108.5
2018-02-21 06:15:10,33,10,18789,5724.5,108.7
2018-02-21 06:30:09,33,10,18790,5735.8,109.3
2018-02-21 06:45:09,33,10,18790,5748.1,109.7
2018-02-21 07:00:08,33,10,18791,5764.4,109.9
2018-02-21 07:15:08,33,10,18794,5778.6,110.8
2018-02-21 07:30:09,33,10,18795,5788.7,111.5
2018-02-21 07:45:09,33,10,18797,5794.9,111.9
2018-02-21 08:00:09,33,10,18799,5799.4,112.1
2018-02-21 08:15:09,33,10,18799,5803.2,112.1
2018-02-21 08:30:09,33,10,18801,5806.1,112.3
2018-02-21 08:45:09,33,10,18802,5807.9,112.3
2018-02-21 09:00:09,33,10,18802,5810.8,112.3
2018-02-21 09:15:09,33,10,18804,5816.4,112.7
2018-02-21 09:30:09,33,10,18804,5818.5,112.8
2018-02-21 09:45:10,33,10,18805,5822.8,112.8
2018-02-21 10:00:09,33,10,18808,5825.6,112.9
2018-02-21 10:15:08,33,10,18810,5828.2,112.9
2018-02-21 10:30:08,33,10,18814,5830.1,112.9
2018-02-21 10:45:09,33,10,18816,5833.3,113.0
2018-02-21 11:00:08,33,10,18823,5835.8,113.0
2018-02-21 11:15:08,33,10,18827,5837.5,113.0
2018-02-21 11:30:08,33,10,18825,5840.1,113.3
2018-02-21 11:45:08,33,10,18828,5842.0,113.3
2018-02-21 12:00:08,33,10,18833,5844.0,113.3
2018-02-21 12:15:09,33,10,18835,5846.3,113.3
2018-02-21 12:30:09,33,10,18838,5849.2,113.4
2018-02-21 12:45:09,33,10,18841,5851.6,113.6
2018-02-21 13:00:09,33,10,18843,5857.4,113.6
2018-02-21 13:15:10,33,10,18845,5862.9,113.6
2018-02-21 13:30:08,33,10,18848,5870.0,113.8
2018-02-21 13:45:09,33,10,18855,5878.7,113.9
2018-02-21 14:00:09,33,10,18866,5885.9,114.3
2018-02-21 14:15:09,33,10,18870,5894.8,114.3
2018-02-21 14:30:09,33,10,18884,5903.5,114.6
2018-02-21 14:45:09,33,10,18890,5912.9,114.6
2018-02-21 15:00:09,33,10,18898,5918.5,114.8
2018-02-21 15:15:10,33,10,18901,5922.3,115.1
2018-02-21 15:30:09,33,10,18911,5928.8,115.2
2018-02-21 15:45:09,33,10,18915,5935.3,115.3
2018-02-21 16:00:09,33,10,18930,5941.6,115.6
2018-02-21 16:15:09,33,10,18940,5947.7,115.7
2018-02-21 16:30:09,33,10,18951,5954.2,115.9
2018-02-21 16:45:09,33,10,18966,5958.1,116.3
2018-02-21 17:00:09,33,10,18976,5963.5,116.5
2018-02-21 17:15:09,33,10,18987,5968.4,116.6
2018-02-21 17:30:09,33,10,19000,5973.5,116.6
2018-02-21 17:45:24,33,10,19009,5979.4,116.8
2018-02-21 18:00:27,33,10,19017,5984.2,116.8
2018-02-21 18:15:26,33,10,19023,5987.2,116.8
2018-02-21 18:30:28,33,10,19024,5993.7,116.8
2018-02-21 18:45:23,33,10,19033,5998.1,116.9
2018-02-21 19:00:21,33,10,19045,6001.4,117.1
2018-02-21 19:15:24,33,10,19058,6006.3,117.3
2018-02-21 19:30:29,33,10,19067,6009.8,117.4
2018-02-21 19:45:27,33,10,19080,6014.2,117.7
2018-02-21 20:00:30,33,10,19087,6021.3,118.1
2018-02-21 20:15:09,33,10,19098,6025.0,118.3
2018-02-21 20:30:22,33,10,19103,6028.5,118.6
2018-02-21 20:45:25,33,10,19113,6031.7,118.6
2018-02-21 21:00:19,33,10,19129,6037.2,118.6
2018-02-21 21:15:23,33,10,19140,6040.4,118.6
2018-02-21 21:30:20,33,10,19155,6043.7,118.6
2018-02-21 21:45:31,33,10,19169,6049.1,118.6
2018-02-21 22:00:35,33,10,19179,6051.3,118.7
2018-02-21 22:15:10,33,10,19179,6054.9,118.8
2018-02-21 22:30:09,33,10,19192,6056.9,119.2
2018-02-21 22:45:11,33,10,19199,6057.8,119.3
2018-02-21 23:00:22,33,10,19205,6058.8,119.4
2018-02-21 23:15:17,33,10,19216,6060.5,119.5
2018-02-21 23:30:20,33,10,19222,6061.8,119.5
2018-02-21 23:45:26,33,10,19222,6062.0,119.6
2018-02-22 00:00:22,33,10,19230,6062.6,119.7
2018-02-22 00:15:30,33,10,19232,6062.6,119.7
2018-02-22 00:30:30,33,10,19235,6062.7,119.7
2018-02-22 00:45:25,33,10,19235,6063.0,119.7
2018-02-22 01:00:30,33,10,19236,6063.1,119.7
2018-02-22 01:15:51,33,10,19238,6063.6,119.7
2018-02-22 01:30:34,33,10,19237,6063.9,119.7
2018-02-22 01:45:27,33,10,19238,6064.0,119.7
2018-02-22 02:00:39,33,10,19239,6064.0,119.7
2018-02-22 02:15:32,33,10,19240,6064.2,119.7
2018-02-22 02:30:35,33,10,19240,6064.3,119.7
2018-02-22 02:45:24,33,10,19240,6064.4,119.7
2018-02-22 03:00:25,33,10,19240,6064.5,119.7
2018-02-22 03:15:28,33,10,19240,6064.7,119.7
2018-02-22 03:30:20,33,10,19240,6064.9,119.7
2018-02-22 03:45:15,33,10,19240,6065.0,119.7
2018-02-22 04:00:16,33,10,19240,6065.0,119.7
2018-02-22 04:15:16,33,10,19240,6065.0,119.7
2018-02-22 04:30:15,33,10,19242,6065.1,119.7
2018-02-22 04:45:11,33,10,19242,6065.1,119.7
2018-02-22 05:00:10,33,10,19242,6065.2,119.7
2018-02-22 05:15:11,33,10,19242,6065.2,119.7
2018-02-22 05:30:12,33,10,19244,6065.2,119.7
2018-02-22 05:45:10,33,10,19245,6065.3,119.7
2018-02-22 06:00:10,33,10,19246,6065.5,119.7
2018-02-22 06:15:13,33,10,19246,6065.8,119.7
2018-02-22 06:30:10,33,10,19249,6066.2,119.7
2018-02-22 06:45:10,33,10,19252,6068.0,119.8
2018-02-22 07:00:09,33,10,19258,6070.1,119.8
2018-02-22 07:15:12,33,10,19261,6071.4,119.8
2018-02-22 07:30:11,33,10,19263,6072.0,119.8
2018-02-22 07:45:09,33,10,19267,6073.5,119.8
2018-02-22 08:00:10,33,10,19269,6073.8,119.8
2018-02-22 08:15:09,33,10,19272,6074.5,119.8
2018-02-22 08:30:08,33,10,19271,6074.9,119.8
2018-02-22 08:45:08,33,10,19274,6075.4,119.8
2018-02-22 09:00:08,33,10,19276,6075.6,119.8
2018-02-22 09:15:08,33,10,19277,6076.3,119.8
2018-02-22 09:30:08,33,11,19280,5552.454545454545,109.36363636363636
2018-02-22 09:45:12,33,11,19279,5571.818181818182,110.27272727272727
2018-02-22 10:00:09,33,11,19279,5593.363636363636,110.54545454545455
2018-02-22 10:15:09,33,11,19280,5605.090909090909,110.9090909090909
2018-02-22 10:30:09,33,11,19281,5615.545454545455,111.45454545454545
2018-02-22 10:45:10,33,11,19280,5625.090909090909,112.9090909090909
2018-02-22 11:00:09,33,11,19280,5634.181818181818,115.45454545454545
2018-02-22 11:15:09,33,11,19283,5643.272727272727,116.0
2018-02-22 11:30:09,33,11,19288,5652.909090909091,116.72727272727273
2018-02-22 11:45:08,33,11,19288,5663.181818181818,116.9090909090909
2018-02-22 12:00:08,33,11,19290,5673.727272727273,116.9090909090909
2018-02-22 12:15:08,33,11,19294,5683.545454545455,116.9090909090909
2018-02-22 12:30:09,33,11,19295,5694.0,116.9090909090909
2018-02-22 12:45:09,33,11,19303,5705.727272727273,117.27272727272727
2018-02-22 13:00:09,33,11,19309,5719.727272727273,117.54545454545455
2018-02-22 13:15:09,33,11,19321,5733.909090909091,117.72727272727273
2018-02-22 13:30:09,33,11,19329,5754.454545454545,117.81818181818181
2018-02-22 13:45:09,33,11,19337,5778.545454545455,118.0909090909091
2018-02-22 14:00:10,33,11,19347,5801.454545454545,118.36363636363636
2018-02-22 14:15:09,33,11,19360,5821.181818181818,118.45454545454545
2018-02-22 14:30:09,33,11,19376,5839.454545454545,118.54545454545455
2018-02-22 14:45:10,33,11,19390,5857.090909090909,118.72727272727273
2018-02-22 15:00:08,33,11,19408,5873.818181818182,118.72727272727273
2018-02-22 15:15:09,33,11,19422,5891.0,119.0909090909091
2018-02-22 15:30:09,33,11,19430,5906.727272727273,119.18181818181819
2018-02-22 15:45:09,33,11,19451,5923.909090909091,119.27272727272727
2018-02-22 16:00:09,33,11,19465,5940.636363636364,119.45454545454545
2018-02-22 16:15:09,33,11,19486,5959.909090909091,119.54545454545455
2018-02-22 16:30:10,33,11,19493,5974.545454545455,119.63636363636364
2018-02-22 16:45:09,33,11,19508,5990.636363636364,119.81818181818181
2018-02-22 17:00:10,33,11,19519,6004.454545454545,119.9090909090909
2018-02-22 17:15:09,33,11,19535,6017.363636363636,120.0909090909091
2018-02-22 17:30:09,33,11,19543,6029.272727272727,120.36363636363636
2018-02-22 17:45:10,33,11,19554,6042.454545454545,120.36363636363636
2018-02-22 18:00:10,33,11,19571,6052.545454545455,120.36363636363636
2018-02-22 18:15:11,33,11,19579,6060.090909090909,120.45454545454545
2018-02-22 18:30:08,33,11,19601,6069.545454545455,120.72727272727273
2018-02-22 18:45:10,33,11,19615,6079.636363636364,120.81818181818181
2018-02-22 19:00:09,33,11,19627,6086.363636363636,120.9090909090909
2018-02-22 19:15:09,33,11,19645,6094.090909090909,120.9090909090909
2018-02-22 19:30:09,33,11,19658,6100.727272727273,120.9090909090909
2018-02-22 19:45:10,33,11,19675,6110.454545454545,121.0
2018-02-22 20:02:09,33,11,19685,6119.454545454545,121.18181818181819
2018-02-22 20:04:09,33,11,19686,6119.909090909091,121.18181818181819
2018-02-22 20:06:10,33,11,19688,6122.181818181818,121.27272727272727
2018-02-22 20:08:09,33,11,19689,6123.727272727273,121.27272727272727
2018-02-22 20:10:09,33,11,19689,6125.727272727273,121.27272727272727
2018-02-22 20:12:09,33,11,19692,6127.0,121.27272727272727
2018-02-22 20:14:09,33,11,19696,6128.545454545455,121.27272727272727
2018-02-22 20:16:09,33,11,19698,6129.0,121.27272727272727
2018-02-22 20:18:09,33,11,19702,6129.454545454545,121.27272727272727
2018-02-22 20:20:09,33,11,19707,6130.0,121.27272727272727
2018-02-22 20:22:09,33,11,19715,6131.727272727273,121.27272727272727
2018-02-22 20:24:09,33,11,19720,6132.818181818182,121.27272727272727
2018-02-22 20:26:14,33,11,19723,6133.272727272727,121.27272727272727
2018-02-22 20:28:10,33,11,19729,6133.818181818182,121.27272727272727
2018-02-22 20:30:09,33,11,19732,6135.454545454545,121.27272727272727
2018-02-22 20:32:09,33,11,19740,6137.454545454545,121.27272727272727
2018-02-22 20:34:09,33,11,19743,6139.545454545455,121.27272727272727
2018-02-22 20:36:09,33,11,19746,6141.727272727273,121.27272727272727
2018-02-22 20:38:09,33,11,19752,6143.909090909091,121.27272727272727
2018-02-22 20:40:09,33,11,19760,6145.363636363636,121.27272727272727
2018-02-22 20:42:09,33,11,19763,6146.0,121.36363636363636
2018-02-22 20:44:09,33,11,19768,6146.818181818182,121.36363636363636
2018-02-22 20:46:09,33,11,19775,6147.545454545455,121.36363636363636
2018-02-22 20:48:09,33,11,19784,6148.545454545455,121.36363636363636
2018-02-22 20:50:10,33,11,19789,6149.909090909091,121.36363636363636
2018-02-22 20:52:09,33,11,19793,6150.727272727273,121.36363636363636
2018-02-22 20:54:10,33,11,19796,6153.0,121.36363636363636
2018-02-22 20:56:10,33,11,19803,6154.272727272727,121.36363636363636
2018-02-22 20:58:09,33,11,19808,6156.090909090909,121.36363636363636
2018-02-22 21:00:09,33,11,19820,6157.272727272727,121.36363636363636
2018-02-22 21:02:10,33,11,19825,6159.0,121.36363636363636
2018-02-22 21:04:09,33,11,19834,6160.909090909091,121.36363636363636
2018-02-22 21:06:10,33,11,19842,6162.454545454545,121.36363636363636
2018-02-22 21:08:09,33,11,19845,6163.454545454545,121.36363636363636
2018-02-22 21:10:09,33,11,19850,6164.090909090909,121.36363636363636
2018-02-22 21:12:09,33,11,19862,6165.545454545455,121.36363636363636
2018-02-22 21:14:10,33,11,19867,6166.454545454545,121.36363636363636
2018-02-22 21:16:10,33,11,19873,6168.272727272727,121.36363636363636
2018-02-22 21:18:10,33,11,19874,6169.454545454545,121.36363636363636
2018-02-22 21:20:10,33,11,19883,6171.181818181818,121.36363636363636
2018-02-22 21:22:10,33,11,19897,6174.818181818182,121.45454545454545
2018-02-22 21:24:09,33,11,19901,6176.818181818182,121.63636363636364
2018-02-22 21:26:10,33,11,19906,6178.0,121.63636363636364
2018-02-22 21:28:09,33,11,19970,6183.545454545455,121.63636363636364
2018-02-22 21:30:10,33,11,20084,6199.636363636364,122.45454545454545
2018-02-22 21:32:10,33,11,20115,6204.0,122.54545454545455
2018-02-22 21:34:10,33,11,20151,6209.818181818182,122.63636363636364
2018-02-22 21:36:10,33,11,20179,6217.909090909091,122.9090909090909
2018-02-22 21:38:10,33,11,20209,6220.636363636364,123.0
2018-02-22 21:40:08,33,11,20235,6223.727272727273,123.0
2018-02-22 21:42:09,33,11,20254,6226.363636363636,123.0
2018-02-22 21:44:10,33,11,20269,6230.181818181818,123.0909090909091
2018-02-22 21:46:14,33,11,20283,6234.181818181818,123.0909090909091
2018-02-22 21:48:09,33,11,20301,6236.090909090909,123.18181818181819
2018-02-22 21:50:09,33,11,20315,6238.090909090909,123.18181818181819
2018-02-22 21:52:09,33,11,20336,6239.272727272727,123.27272727272727
2018-02-22 21:54:09,33,11,20373,6244.636363636364,123.27272727272727
2018-02-22 21:56:10,33,11,20407,6249.454545454545,123.54545454545455
2018-02-22 21:58:09,33,11,20435,6254.545454545455,124.27272727272727
2018-02-22 22:00:09,33,11,20458,6259.090909090909,124.36363636363636
2018-02-22 22:02:09,33,11,20493,6263.454545454545,124.54545454545455
2018-02-22 22:04:09,33,11,20527,6268.181818181818,124.63636363636364
2018-02-22 22:06:09,33,12,20569,5750.583333333333,114.16666666666667
2018-02-22 22:10:10,33,12,20622,5786.083333333333,115.25
2018-02-22 22:12:09,33,12,20647,5797.75,116.16666666666667
2018-02-22 22:14:10,33,12,20667,5809.75,116.66666666666667
2018-02-22 22:16:09,33,12,20762,5829.083333333333,117.41666666666667
2018-02-22 22:18:14,33,12,20849,5853.333333333333,118.16666666666667
2018-02-22 22:20:11,33,12,20904,5876.0,118.91666666666667
2018-02-22 22:22:13,33,12,20990,5894.333333333333,119.33333333333333
2018-02-22 22:24:13,33,12,21049,5910.416666666667,120.16666666666667
2018-02-22 22:26:11,33,12,21092,5923.416666666667,120.41666666666667
2018-02-22 22:28:12,33,12,21112,5933.666666666667,120.58333333333333
2018-02-22 22:30:12,33,12,21137,5944.5,121.08333333333333
2018-02-22 22:32:12,33,12,21166,5957.416666666667,121.16666666666667
2018-02-22 22:34:13,33,12,21186,5969.083333333333,121.41666666666667
2018-02-22 22:36:12,33,12,21202,5979.833333333333,121.83333333333333
2018-02-22 22:38:13,33,12,21236,6005.416666666667,122.08333333333333
2018-02-22 22:40:12,33,12,21288,6029.166666666667,122.66666666666667
2018-02-22 22:42:10,33,12,21348,6043.916666666667,123.0
2018-02-22 22:44:11,33,12,21405,6060.583333333333,123.66666666666667
2018-02-22 22:46:10,33,12,21474,6075.25,123.91666666666667
2018-02-22 22:48:10,33,13,21502,5599.416666666667,108.91666666666667
2018-02-22 22:50:10,33,13,21522,5624.166666666667,109.91666666666667
2018-02-22 22:52:12,33,13,21533,5644.5,110.66666666666667
2018-02-22 22:54:10,33,13,21552,5661.583333333333,111.0
2018-02-22 22:56:10,33,13,21566,5676.0,111.5
2018-02-22 22:58:10,33,13,21593,5693.833333333333,112.0
2018-02-22 23:00:10,33,13,21725,5723.333333333333,112.58333333333333
2018-02-22 23:02:10,33,13,21924,5754.416666666667,114.41666666666667
2018-02-22 23:04:10,33,13,22031,5777.916666666667,115.08333333333333
2018-02-22 23:06:09,33,13,22086,5796.083333333333,115.5
2018-02-22 23:08:10,33,13,22138,5812.75,116.08333333333333
2018-02-22 23:10:09,33,13,22179,5828.5,116.41666666666667
2018-02-22 23:12:10,33,13,22225,5846.916666666667,116.83333333333333
2018-02-22 23:14:10,33,13,22275,5858.333333333333,117.16666666666667
2018-02-22 23:16:10,33,13,22324,5871.083333333333,117.25
2018-02-22 23:18:10,33,13,22341,5882.333333333333,117.5
2018-02-22 23:30:19,33,13,22466,5937.166666666667,118.41666666666667
2018-02-22 23:45:44,33,13,22594,5983.416666666667,118.75
2018-02-23 00:00:37,33,13,22677,6006.833333333333,118.75
2018-02-23 00:15:49,33,13,22744,6020.583333333333,119.41666666666667
2018-02-23 00:30:27,33,13,22776,6031.416666666667,119.41666666666667
2018-02-23 00:45:40,33,13,22801,6038.166666666667,119.5
2018-02-23 01:00:37,33,13,22817,6042.916666666667,119.58333333333333
2018-02-23 01:15:36,33,13,22827,6046.166666666667,119.41666666666667
2018-02-23 01:30:26,33,13,22839,6052.083333333333,119.58333333333333
2018-02-23 01:45:35,33,13,22847,6054.916666666667,119.58333333333333
2018-02-23 02:00:22,33,13,22853,6056.833333333333,119.66666666666667
2018-02-23 02:15:26,33,13,22857,6057.916666666667,119.66666666666667
2018-02-23 02:30:25,33,13,22861,6059.5,119.66666666666667
2018-02-23 02:45:17,33,13,22863,6060.0,119.66666666666667
2018-02-23 03:00:15,33,13,22866,6060.75,119.66666666666667
2018-02-23 03:15:16,33,13,22869,6061.083333333333,119.66666666666667
2018-02-23 03:30:14,33,13,22874,6061.416666666667,119.5
2018-02-23 03:45:15,33,13,22874,6062.0,119.66666666666667
2018-02-23 04:00:11,33,13,22874,6062.5,119.66666666666667
2018-02-23 04:15:11,33,13,22875,6062.833333333333,119.66666666666667
2018-02-23 04:30:10,33,13,22875,6063.25,119.66666666666667
2018-02-23 04:45:11,33,13,22876,6065.166666666667,119.66666666666667
2018-02-23 05:00:09,33,13,22878,6066.166666666667,119.75
2018-02-23 05:15:11,33,13,22878,6067.666666666667,119.83333333333333
2018-02-23 05:30:10,33,13,22880,6070.833333333333,120.0
2018-02-23 05:45:12,33,13,22884,6078.083333333333,120.0
2018-02-23 06:00:11,33,13,22892,6090.833333333333,119.91666666666667
2018-02-23 06:15:12,33,13,22909,6117.666666666667,120.66666666666667
2018-02-23 06:30:09,33,13,22927,6157.083333333333,121.25
2018-02-23 06:45:09,33,13,22967,6211.666666666667,121.75
2018-02-23 07:00:09,33,13,23010,6272.333333333333,122.66666666666667
2018-02-23 07:15:09,33,13,23050,6327.083333333333,122.75
2018-02-23 07:30:08,33,13,23077,6369.166666666667,123.16666666666667
2018-02-23 07:45:09,33,13,23107,6399.25,124.08333333333333
2018-02-23 08:00:09,33,13,23138,6420.166666666667,123.91666666666667
2018-02-23 08:15:09,33,13,23161,6434.333333333333,124.16666666666667
2018-02-23 08:30:09,33,13,23194,6448.0,124.5
2018-02-23 08:45:09,33,13,23217,6462.5,124.58333333333333
2018-02-23 09:00:10,33,13,23241,6471.916666666667,125.41666666666667
2018-02-23 09:15:09,33,13,23266,6483.833333333333,125.41666666666667
2018-02-23 09:30:09,33,13,23290,6497.25,125.75
2018-02-23 09:45:09,33,13,23310,6509.666666666667,125.91666666666667
2018-02-23 10:00:09,33,13,23340,6522.166666666667,126.16666666666667
2018-02-23 10:15:09,33,13,23362,6532.916666666667,126.16666666666667
2018-02-23 10:30:08,33,13,23404,6545.0,126.0
2018-02-23 10:45:09,33,13,23446,6555.833333333333,126.25
2018-02-23 11:00:09,33,13,23492,6568.166666666667,126.08333333333333
2018-02-23 11:15:09,33,13,23545,6580.0,126.66666666666667
2018-02-23 11:30:09,33,13,23591,6592.833333333333,126.83333333333333
2018-02-23 11:45:09,33,13,23636,6605.416666666667,126.83333333333333
2018-02-23 12:00:10,33,13,23677,6615.333333333333,126.83333333333333
2018-02-23 12:15:09,33,13,23733,6630.166666666667,127.0
2018-02-23 12:30:10,33,13,23776,6646.583333333333,127.0
2018-02-23 12:45:09,34,14,23844,6296.416666666667,122.75
2018-02-23 13:00:09,35,14,23906,6378.083333333333,124.5
2018-02-23 13:15:09,35,14,23987,6461.25,125.83333333333333
2018-02-23 13:30:09,35,14,24088,6545.583333333333,127.25
2018-02-23 13:45:09,35,14,24187,6628.916666666667,128.41666666666666
2018-02-23 14:00:09,35,14,24309,6723.0,129.16666666666666
2018-02-23 14:15:09,35,14,24445,6804.666666666667,129.83333333333334
2018-02-23 14:30:09,35,14,24569,6892.333333333333,130.66666666666666
2018-02-23 14:45:10,35,14,24686,6957.583333333333,131.33333333333334
2018-02-23 15:00:13,35,14,24797,7022.833333333333,131.75
2018-02-23 15:15:11,35,14,24897,7074.916666666667,132.5
2018-02-23 15:30:10,35,14,24978,7129.583333333333,132.83333333333334
2018-02-23 15:45:10,35,14,25061,7169.0,132.91666666666666
2018-02-23 16:00:10,35,14,25162,7214.416666666667,133.33333333333334
2018-02-23 16:15:09,35,14,25258,7257.75,133.5
2018-02-23 16:30:09,35,14,25377,7303.333333333333,133.83333333333334
2018-02-23 16:45:14,35,14,25497,7341.333333333333,134.33333333333334
2018-02-23 17:00:15,35,14,25594,7375.75,134.66666666666666
2018-02-23 17:15:16,35,14,25689,7413.083333333333,134.91666666666666
2018-02-23 17:30:15,35,14,25782,7446.5,135.33333333333334
2018-02-23 17:45:24,35,14,25862,7482.416666666667,135.5
2018-02-23 18:00:24,35,14,25936,7515.583333333333,135.5
2018-02-23 18:15:32,35,14,26012,7542.583333333333,135.91666666666666
2018-02-23 18:30:26,35,14,26102,7573.916666666667,136.25
2018-02-23 19:00:27,35,14,26258,7624.25,136.91666666666666
2018-02-23 19:15:43,35,14,26359,7656.333333333333,137.33333333333334
2018-02-23 19:30:16,35,14,26439,7686.25,137.58333333333334
2018-02-23 19:45:20,35,14,26523,7716.833333333333,137.58333333333334
2018-02-23 20:00:15,35,14,26623,7750.5,137.58333333333334
2018-02-23 20:15:10,35,14,26724,7778.583333333333,137.83333333333334
2018-02-23 20:30:10,35,14,26809,7805.666666666667,138.08333333333334
2018-02-23 20:45:09,35,14,26904,7838.416666666667,138.0
2018-02-23 21:00:09,35,14,27012,7870.5,138.16666666666666
2018-02-23 21:15:10,35,14,27118,7901.333333333333,138.41666666666666
2018-02-23 21:30:12,35,14,27210,7930.916666666667,138.83333333333334
2018-02-23 21:45:22,35,14,27292,7955.5,138.83333333333334
2018-02-23 22:00:27,35,14,27404,7981.333333333333,139.08333333333334
2018-02-23 22:15:25,35,14,27507,8011.416666666667,139.58333333333334
2018-02-23 22:30:10,35,14,27588,8036.916666666667,140.08333333333334
2018-02-23 22:45:10,35,14,27654,8057.916666666667,140.16666666666666
2018-02-23 23:00:11,35,14,27725,8080.666666666667,140.58333333333334
2018-02-23 23:15:09,35,14,27811,8102.5,141.16666666666666
2018-02-23 23:30:09,35,14,27866,8117.583333333333,141.5
2018-02-23 23:45:09,35,14,27906,8126.25,141.5
2018-02-24 00:00:10,35,14,27944,8137.166666666667,141.5
2018-02-24 00:15:10,35,14,27980,8145.333333333333,141.5
2018-02-24 00:30:13,35,14,28004,8155.0,141.58333333333334
2018-02-24 00:45:09,35,14,28029,8161.916666666667,141.58333333333334
2018-02-24 01:00:12,35,14,28043,8166.833333333333,141.58333333333334
2018-02-24 01:15:13,35,14,28053,8169.833333333333,141.58333333333334
2018-02-24 01:30:15,35,14,28065,8171.583333333333,141.58333333333334
2018-02-24 01:45:15,35,14,28078,8173.833333333333,141.58333333333334
2018-02-24 02:00:13,35,14,28079,8175.083333333333,141.58333333333334
2018-02-24 02:15:10,35,14,28084,8176.25,141.66666666666666
2018-02-24 02:30:10,35,14,28087,8176.666666666667,141.75
2018-02-24 02:45:11,35,14,28093,8177.333333333333,141.75
2018-02-24 03:00:11,35,14,28094,8177.583333333333,141.75
2018-02-24 03:15:11,36,14,28096,8177.666666666667,141.75
2018-02-24 03:30:11,36,14,28098,8177.916666666667,141.75
2018-02-24 03:45:10,36,14,28100,8178.166666666667,141.75
2018-02-24 04:00:11,36,14,28104,8178.333333333333,141.75
2018-02-24 04:15:11,36,14,28104,8178.666666666667,141.75
2018-02-24 04:30:11,36,14,28106,8178.916666666667,141.75
2018-02-24 04:45:11,36,14,28109,8179.0,141.75
2018-02-24 05:00:11,36,14,28108,8179.583333333333,141.75
2018-02-24 05:15:11,36,14,28109,8179.75,141.75
2018-02-24 05:30:10,36,14,28110,8180.0,141.75
2018-02-24 05:45:10,36,14,28112,8180.083333333333,141.75
2018-02-24 06:00:10,36,14,28115,8180.166666666667,141.75
2018-02-24 06:15:11,36,14,28117,8181.583333333333,141.75
2018-02-24 06:30:10,36,14,28122,8182.0,141.75
2018-02-24 06:45:10,36,14,28122,8184.333333333333,141.83333333333334
2018-02-24 07:00:10,36,14,28127,8188.666666666667,141.91666666666666
2018-02-24 07:15:09,36,14,28132,8191.25,141.91666666666666
2018-02-24 07:30:11,36,14,28145,8194.25,141.91666666666666
2018-02-24 07:45:10,36,14,28160,8200.916666666666,141.91666666666666
2018-02-24 08:00:10,36,14,28183,8208.916666666666,141.91666666666666
2018-02-24 08:15:10,36,14,28213,8219.0,141.91666666666666
2018-02-24 08:30:09,36,14,28243,8233.583333333334,142.0
2018-02-24 08:45:08,36,14,28271,8243.833333333334,142.08333333333334
2018-02-24 09:00:09,36,14,28304,8253.583333333334,142.16666666666666
2018-02-24 09:15:09,36,14,28334,8264.416666666666,142.16666666666666
2018-02-24 09:30:09,36,14,28376,8278.75,142.16666666666666
2018-02-24 09:45:09,36,14,28415,8294.333333333334,142.41666666666666
2018-02-24 10:00:09,37,15,28461,7796.333333333333,134.91666666666666
2018-02-24 10:15:10,37,15,28504,7920.333333333333,136.0
2018-02-24 10:30:09,37,15,28567,8014.0,136.58333333333334
2018-02-24 10:45:09,37,15,28648,8088.666666666667,137.5
2018-02-24 11:00:10,37,15,28724,8158.083333333333,138.16666666666666
2018-02-24 11:15:11,37,15,28800,8215.333333333334,138.83333333333334
2018-02-24 11:30:09,37,15,28879,8270.75,139.08333333333334
2018-02-24 11:45:09,37,16,28928,7934.666666666667,129.33333333333334
2018-02-24 12:00:09,37,16,29042,8078.333333333333,130.75
2018-02-24 12:15:09,37,16,29111,8182.583333333333,131.33333333333334
2018-02-24 12:30:09,37,16,29184,8267.833333333334,131.33333333333334
2018-02-24 12:45:09,37,16,29263,8347.083333333334,131.66666666666666
2018-02-24 13:00:09,37,16,29317,8419.333333333334,132.16666666666666
2018-02-24 13:15:10,37,16,29400,8482.166666666666,132.83333333333334
2018-02-24 13:30:10,37,16,29463,8531.666666666666,132.83333333333334
2018-02-24 13:45:09,37,16,29515,8587.083333333334,133.33333333333334
2018-02-24 14:00:10,37,16,29559,8628.916666666666,133.58333333333334
2018-02-24 14:15:10,37,16,29612,8670.25,133.66666666666666
2018-02-24 14:30:10,37,16,29671,8705.75,134.33333333333334
2018-02-24 14:45:11,37,16,29727,8737.083333333334,134.5
2018-02-24 15:00:10,37,16,29782,8768.166666666666,134.75
2018-02-24 15:15:09,37,16,29829,8796.083333333334,135.0
2018-02-24 15:30:10,37,16,29877,8828.25,135.0
2018-02-24 15:45:11,37,16,29932,8853.333333333334,135.0
2018-02-24 16:00:10,37,16,29963,8885.666666666666,135.08333333333334
2018-02-24 16:15:10,37,16,30016,8914.75,135.25
2018-02-24 16:30:10,37,16,30054,8938.416666666666,135.33333333333334
2018-02-24 16:45:10,37,16,30092,8966.083333333334,135.41666666666666
2018-02-24 17:00:10,37,16,30131,8988.5,135.66666666666666
2018-02-24 17:15:10,37,16,30167,9014.416666666666,135.66666666666666
2018-02-24 17:30:10,37,16,30200,9036.5,135.66666666666666
2018-02-24 17:45:10,37,16,30242,9062.083333333334,135.91666666666666
2018-02-24 18:00:11,37,16,30283,9085.083333333334,136.0
2018-02-24 18:15:10,37,16,30313,9107.5,136.0
2018-02-24 18:30:11,37,16,30351,9131.0,136.5
2018-02-24 18:45:09,37,16,30395,9154.0,137.16666666666666
2018-02-24 19:00:10,37,16,30446,9177.0,137.33333333333334
2018-02-24 19:15:11,37,16,30482,9194.5,137.41666666666666
2018-02-24 19:30:10,37,16,30521,9215.916666666666,137.41666666666666
2018-02-24 19:45:10,37,16,30555,9231.583333333334,137.66666666666666
2018-02-24 20:00:10,37,16,30598,9250.083333333334,137.75
2018-02-24 20:15:10,37,16,30659,9271.75,138.0
2018-02-24 20:30:10,37,16,30697,9290.5,138.25
2018-02-24 20:45:10,37,17,30735,8777.833333333334,123.08333333333333
2018-02-24 21:00:11,37,17,30785,8924.25,124.58333333333333
2018-02-24 21:15:10,37,18,30825,8597.416666666666,121.41666666666667
2018-02-24 21:30:10,37,18,30878,8777.583333333334,123.16666666666667
2018-02-24 21:45:11,37,18,30923,8897.833333333334,124.16666666666667
2018-02-24 22:00:11,37,18,30966,8996.166666666666,125.25
2018-02-24 22:15:12,37,18,31003,9077.416666666666,125.83333333333333
2018-02-24 22:30:12,37,18,31033,9145.0,126.08333333333333
2018-02-24 22:45:14,37,18,31074,9207.416666666666,126.58333333333333
2018-02-24 23:00:11,37,18,31110,9259.083333333334,127.25
2018-02-24 23:15:12,37,18,31146,9299.0,128.08333333333334
2018-02-24 23:30:10,37,18,31180,9340.75,128.08333333333334
2018-02-24 23:45:13,37,18,31200,9373.25,128.08333333333334
2018-02-25 00:00:12,37,18,31227,9403.416666666666,128.25
2018-02-25 00:15:11,37,18,31252,9423.666666666666,128.25
2018-02-25 00:30:11,37,18,31275,9443.833333333334,128.33333333333334
2018-02-25 00:45:13,37,18,31281,9459.833333333334,128.33333333333334
2018-02-25 01:00:10,37,18,31291,9471.083333333334,128.33333333333334
2018-02-25 01:15:10,37,18,31299,9479.25,128.33333333333334
2018-02-25 01:30:11,37,18,31306,9486.5,128.33333333333334
2018-02-25 01:45:13,37,18,31308,9492.75,128.33333333333334
2018-02-25 02:00:11,37,18,31315,9498.75,128.33333333333334
2018-02-25 02:15:12,37,18,31322,9501.5,128.33333333333334
2018-02-25 02:30:11,37,18,31324,9506.0,128.33333333333334
2018-02-25 02:45:12,37,18,31325,9509.583333333334,128.33333333333334
2018-02-25 03:00:12,37,18,31327,9510.916666666666,128.33333333333334
2018-02-25 03:15:11,37,18,31328,9513.416666666666,128.33333333333334
2018-02-25 03:30:12,37,18,31329,9514.916666666666,128.33333333333334
2018-02-25 03:45:12,37,18,31331,9516.666666666666,128.33333333333334
2018-02-25 04:00:12,37,18,31332,9518.166666666666,128.33333333333334
2018-02-25 04:15:12,37,18,31332,9518.666666666666,128.33333333333334
2018-02-25 04:30:11,37,18,31335,9520.5,128.33333333333334
2018-02-25 04:45:12,37,18,31335,9521.333333333334,128.33333333333334
2018-02-25 05:00:11,37,18,31335,9522.0,128.33333333333334
2018-02-25 05:15:12,37,18,31334,9522.916666666666,128.33333333333334
2018-02-25 05:30:11,37,18,31335,9523.5,128.33333333333334
2018-02-25 05:45:12,37,18,31336,9524.0,128.33333333333334
2018-02-25 06:00:11,37,18,31338,9526.166666666666,128.33333333333334
2018-02-25 06:15:11,37,18,31337,9527.0,128.33333333333334
2018-02-25 06:30:11,37,18,31340,9529.333333333334,128.33333333333334
2018-02-25 06:45:12,37,18,31344,9532.333333333334,128.33333333333334
2018-02-25 07:00:11,37,18,31346,9534.416666666666,128.41666666666666
2018-02-25 07:15:12,37,18,31348,9539.833333333334,128.41666666666666
2018-02-25 07:30:11,37,18,31358,9547.583333333334,128.41666666666666
2018-02-25 07:45:10,37,18,31381,9560.416666666666,128.58333333333334
2018-02-25 08:00:11,37,19,31399,8900.083333333334,120.66666666666667
2018-02-25 08:15:10,37,19,31427,8962.583333333334,121.33333333333333
2018-02-25 08:30:10,37,19,31449,9023.5,122.0
2018-02-25 08:45:09,37,19,31477,9086.833333333334,122.58333333333333
2018-02-25 09:00:09,37,19,31507,9155.583333333334,122.83333333333333
2018-02-25 09:15:10,37,19,31535,9229.5,123.41666666666667
2018-02-25 09:30:10,37,19,31563,9305.5,123.58333333333333
2018-02-25 09:45:09,37,19,31597,9381.666666666666,123.91666666666667
2018-02-25 10:00:10,37,19,31637,9443.416666666666,124.58333333333333
2018-02-25 10:15:11,37,19,31695,9506.833333333334,124.91666666666667
2018-02-25 10:30:10,37,19,31744,9569.916666666666,125.25
2018-02-25 10:45:10,37,20,31797,9018.666666666666,120.5
2018-02-25 11:00:09,37,20,31837,9172.75,122.75
2018-02-25 11:15:10,37,20,31875,9287.083333333334,124.58333333333333
2018-02-25 11:30:09,37,20,31907,9388.416666666666,125.5
2018-02-25 11:45:09,37,20,31938,9471.333333333334,126.25
2018-02-25 12:00:10,37,20,31970,9547.25,126.66666666666667
2018-02-25 12:15:10,37,20,32004,9606.416666666666,127.16666666666667
2018-02-25 12:30:11,37,20,32027,9660.0,127.58333333333333
2018-02-25 12:45:12,37,20,32052,9707.75,127.91666666666667
2018-02-25 13:00:13,37,20,32082,9752.166666666666,128.25
2018-02-25 13:15:13,37,20,32110,9799.666666666666,128.75
2018-02-25 13:30:13,37,20,32142,9841.833333333334,129.08333333333334
2018-02-25 13:45:12,37,20,32168,9878.333333333334,129.33333333333334
2018-02-25 14:00:10,37,20,32188,9911.0,129.41666666666666
2018-02-25 14:15:12,37,20,32215,9940.5,129.5
2018-02-25 14:30:10,37,20,32243,9969.25,129.83333333333334
2018-02-25 14:45:10,37,20,32277,10001.416666666666,130.16666666666666
2018-02-25 15:00:10,37,20,32308,10032.0,130.41666666666666
2018-02-25 15:15:10,37,20,32335,10054.833333333334,130.5
2018-02-25 15:30:11,37,20,32358,10085.0,130.58333333333334
2018-02-25 15:45:10,37,20,32383,10108.583333333334,130.58333333333334
2018-02-25 16:00:11,37,20,32419,10132.416666666666,130.58333333333334
2018-02-25 16:15:11,37,20,32450,10153.5,130.75
2018-02-25 16:30:12,37,20,32480,10175.666666666666,130.83333333333334
2018-02-25 16:45:11,37,20,32507,10198.916666666666,130.91666666666666
2018-02-25 17:00:11,37,20,32534,10220.916666666666,131.0
2018-02-25 17:15:13,37,20,32562,10240.25,131.33333333333334
2018-02-25 17:30:09,37,20,32605,10264.75,131.41666666666666
2018-02-25 17:45:10,37,20,32714,10305.5,131.58333333333334
2018-02-25 18:00:10,37,20,32842,10346.916666666666,132.0
2018-02-25 18:15:10,37,20,32972,10385.25,132.25
2018-02-25 18:30:10,37,20,33073,10418.166666666666,132.33333333333334
2018-02-25 18:45:10,37,20,33137,10446.333333333334,132.75
2018-02-25 19:00:10,37,20,33195,10471.25,132.91666666666666
2018-02-25 19:15:10,37,20,33335,10498.166666666666,133.0
2018-02-25 19:30:10,37,20,33505,10540.916666666666,133.16666666666666
2018-02-25 19:45:10,37,20,33641,10576.166666666666,133.33333333333334
2018-02-25 20:00:10,37,20,33760,10613.166666666666,133.58333333333334
2018-02-25 20:15:10,37,20,33883,10649.583333333334,133.58333333333334
2018-02-25 20:30:10,37,20,33988,10678.666666666666,133.66666666666666
2018-02-25 20:45:09,37,21,34107,10203.416666666666,131.75
2018-02-25 21:00:10,37,21,34181,10358.583333333334,133.16666666666666
2018-02-25 21:15:10,37,21,34278,10452.583333333334,133.66666666666666
2018-02-25 21:30:09,37,21,34358,10519.833333333334,134.75
2018-02-25 21:45:10,37,21,34443,10580.25,135.08333333333334
2018-02-25 22:00:09,37,21,34511,10627.5,135.16666666666666
2018-02-25 22:15:10,37,21,34559,10664.5,135.41666666666666
2018-02-25 22:30:11,37,21,34619,10696.083333333334,135.91666666666666
2018-02-25 22:45:11,37,21,34669,10722.666666666666,135.91666666666666
2018-02-25 23:00:10,37,21,34708,10740.083333333334,136.25
2018-02-25 23:15:10,37,21,34731,10753.0,136.41666666666666
2018-02-25 23:30:11,37,21,34759,10766.25,136.5
2018-02-25 23:45:12,37,21,34777,10774.833333333334,136.5
2018-02-26 00:00:12,37,21,34793,10781.333333333334,136.5
2018-02-26 00:15:10,37,21,34803,10786.0,136.5
2018-02-26 00:30:10,37,21,34812,10788.75,136.5
2018-02-26 00:45:09,37,21,34816,10790.0,136.5
2018-02-26 01:00:10,37,21,34821,10791.75,136.5
2018-02-26 01:15:10,37,21,34822,10792.333333333334,136.5
2018-02-26 01:30:10,37,21,34824,10793.333333333334,136.58333333333334
2018-02-26 01:45:10,37,21,34828,10794.333333333334,136.58333333333334
2018-02-26 02:00:10,37,21,34829,10794.916666666666,136.58333333333334
2018-02-26 02:15:12,37,21,34829,10795.166666666666,136.58333333333334
2018-02-26 02:30:11,37,21,34829,10795.916666666666,136.58333333333334
2018-02-26 02:45:11,37,21,34827,10796.25,136.58333333333334
2018-02-26 03:00:12,37,21,34827,10796.5,136.58333333333334
2018-02-26 03:15:12,37,21,34828,10796.583333333334,136.58333333333334
2018-02-26 03:30:11,37,21,34828,10797.083333333334,136.58333333333334
2018-02-26 03:45:11,37,21,34828,10797.5,136.58333333333334
2018-02-26 04:00:10,37,21,34824,10797.583333333334,136.58333333333334
2018-02-26 04:15:11,37,21,34825,10797.75,136.58333333333334
2018-02-26 04:30:11,37,21,34826,10798.166666666666,136.58333333333334
2018-02-26 04:45:10,37,21,34826,10798.25,136.58333333333334
2018-02-26 05:00:10,37,21,34829,10798.666666666666,136.58333333333334
2018-02-26 05:15:11,37,21,34830,10799.416666666666,136.58333333333334
2018-02-26 05:30:11,37,21,34832,10800.333333333334,136.58333333333334
2018-02-26 05:45:11,37,21,34830,10802.083333333334,136.58333333333334
2018-02-26 06:00:10,37,21,34834,10806.083333333334,136.66666666666666
2018-02-26 06:15:10,37,21,34836,10814.666666666666,136.66666666666666
2018-02-26 06:30:10,37,21,34845,10827.333333333334,136.66666666666666
2018-02-26 06:45:09,37,21,34856,10843.666666666666,136.66666666666666
2018-02-26 07:00:09,37,21,34872,10861.75,136.75
2018-02-26 07:15:10,37,21,34886,10884.416666666666,136.75
2018-02-26 07:30:10,37,21,34906,10900.75,136.91666666666666
2018-02-26 07:45:09,37,21,34922,10910.916666666666,137.0
2018-02-26 08:00:10,37,21,34932,10919.333333333334,137.08333333333334
2018-02-26 08:15:09,37,21,34941,10923.833333333334,137.16666666666666
2018-02-26 08:30:09,37,21,34953,10930.333333333334,137.16666666666666
2018-02-26 08:45:10,37,21,34962,10934.833333333334,137.16666666666666
2018-02-26 09:00:10,37,21,34972,10937.833333333334,137.16666666666666
2018-02-26 09:15:09,37,21,34979,10941.916666666666,137.16666666666666
2018-02-26 09:30:10,37,22,34988,10061.0,112.66666666666667
2018-02-26 09:45:09,37,22,34996,10091.0,113.0
2018-02-26 10:00:09,37,22,35004,10114.416666666666,113.0
2018-02-26 10:15:09,37,22,35009,10133.25,113.08333333333333
2018-02-26 10:30:09,37,22,35020,10148.166666666666,113.08333333333333
2018-02-26 10:45:09,37,22,35027,10163.75,113.25
2018-02-26 11:00:10,37,22,35032,10176.5,113.25
2018-02-26 11:15:09,37,22,35036,10187.916666666666,113.33333333333333
2018-02-26 11:30:10,37,22,35044,10199.916666666666,113.41666666666667
2018-02-26 11:45:10,37,22,35054,10213.0,113.41666666666667
2018-02-26 12:00:09,37,22,35063,10225.916666666666,113.5
2018-02-26 12:15:11,37,22,35083,10242.083333333334,113.66666666666667
2018-02-26 12:30:10,37,22,35087,10260.916666666666,113.83333333333333
2018-02-26 12:45:10,37,22,35102,10281.083333333334,114.08333333333333
2018-02-26 13:00:12,37,22,35113,10299.5,114.08333333333333
2018-02-26 13:15:09,37,22,35128,10323.25,114.08333333333333
2018-02-26 13:30:10,37,22,35151,10348.25,114.25
2018-02-26 13:45:10,37,22,35165,10379.25,114.41666666666667
2018-02-26 14:00:10,37,22,35182,10415.666666666666,114.66666666666667
2018-02-26 14:15:10,37,22,35201,10451.166666666666,114.83333333333333
2018-02-26 14:30:10,37,22,35227,10485.416666666666,115.41666666666667
2018-02-26 14:45:10,37,22,35251,10515.75,115.58333333333333
2018-02-26 15:00:10,37,22,35279,10543.166666666666,115.66666666666667
2018-02-26 15:15:10,37,22,35297,10570.916666666666,115.75
2018-02-26 15:30:10,37,22,35316,10597.166666666666,115.75
2018-02-26 15:45:10,37,22,35333,10622.0,115.75
2018-02-26 16:00:10,37,22,35365,10650.75,115.83333333333333
2018-02-26 16:15:11,37,22,35391,10678.916666666666,115.83333333333333
2018-02-26 16:30:11,37,22,35423,10706.25,115.91666666666667
2018-02-26 16:45:10,37,22,35458,10735.75,116.16666666666667
2018-02-26 17:00:10,37,22,35488,10759.666666666666,116.16666666666667
2018-02-26 17:15:10,37,22,35519,10785.5,116.25
2018-02-26 17:30:11,37,22,35556,10806.666666666666,116.25
2018-02-26 17:45:11,37,22,35584,10826.5,116.58333333333333
2018-02-26 18:00:10,37,22,35615,10843.333333333334,116.58333333333333
2018-02-26 18:15:12,37,22,35649,10863.25,116.58333333333333
2018-02-26 18:30:11,37,22,35689,10879.666666666666,116.66666666666667
2018-02-26 18:45:12,37,22,35725,10898.333333333334,116.75
2018-02-26 19:00:11,37,22,35762,10915.416666666666,116.83333333333333
2018-02-26 19:30:12,37,22,35843,10950.916666666666,116.91666666666667
2018-02-26 19:45:10,37,22,35870,10966.5,117.08333333333333
2018-02-26 20:00:11,37,22,35901,10985.0,117.25
2018-02-26 20:15:11,37,22,35940,11003.5,117.33333333333333
2018-02-26 20:30:11,37,22,35970,11020.083333333334,117.33333333333333
2018-02-26 20:45:10,37,22,36008,11039.75,117.33333333333333
2018-02-26 21:00:10,37,22,36041,11052.416666666666,117.33333333333333
2018-02-26 21:15:10,37,22,36070,11063.25,117.5
2018-02-26 21:30:10,37,23,36101,10297.0,111.58333333333333
2018-02-26 21:45:16,37,23,36133,10457.75,114.0
2018-02-26 22:00:12,37,23,36163,10550.583333333334,121.33333333333333
2018-02-26 22:15:14,37,23,36191,10614.583333333334,126.16666666666667
2018-02-26 22:30:12,37,23,36209,10659.5,126.66666666666667
2018-02-26 22:45:12,37,23,36227,10689.166666666666,126.83333333333333
2018-02-26 23:00:12,37,23,36244,10710.5,126.83333333333333
2018-02-26 23:15:10,37,23,36254,10725.333333333334,126.91666666666667
2018-02-26 23:30:09,37,23,36269,10734.416666666666,127.16666666666667
2018-02-26 23:45:11,37,23,36273,10741.0,127.33333333333333
2018-02-27 00:00:12,37,23,36279,10744.666666666666,127.41666666666667
2018-02-27 00:15:12,37,23,36283,10747.833333333334,127.41666666666667
2018-02-27 00:30:12,37,23,36290,10750.833333333334,127.5
2018-02-27 00:45:12,37,23,36290,10752.0,127.5
2018-02-27 01:00:12,37,23,36294,10752.583333333334,127.5
2018-02-27 01:15:11,37,23,36297,10753.833333333334,127.5
2018-02-27 01:30:12,37,23,36303,10754.416666666666,128.75
2018-02-27 01:45:12,37,23,36307,10756.25,128.83333333333334
2018-02-27 02:00:13,37,23,36308,10756.666666666666,128.83333333333334
2018-02-27 02:15:11,37,23,36309,10756.833333333334,128.83333333333334
2018-02-27 02:30:12,37,23,36309,10757.333333333334,128.83333333333334
2018-02-27 02:45:12,37,23,36308,10758.083333333334,128.83333333333334
2018-02-27 03:00:13,37,23,36311,10758.666666666666,128.83333333333334
2018-02-27 03:15:12,37,23,36313,10759.0,128.91666666666666
2018-02-27 03:30:12,37,23,36313,10759.583333333334,128.91666666666666
2018-02-27 03:45:12,37,23,36314,10760.25,128.91666666666666
2018-02-27 04:00:12,37,23,36316,10760.333333333334,128.91666666666666
2018-02-27 04:15:11,37,23,36316,10760.75,128.91666666666666
2018-02-27 04:30:12,37,23,36316,10761.0,128.91666666666666
2018-02-27 04:45:12,37,23,36316,10761.583333333334,128.91666666666666
2018-02-27 05:00:11,37,23,36316,10762.916666666666,128.91666666666666
2018-02-27 05:15:10,37,23,36316,10764.25,128.91666666666666
2018-02-27 05:30:11,37,23,36316,10766.166666666666,128.91666666666666
2018-02-27 05:45:10,37,23,36317,10770.166666666666,128.91666666666666
2018-02-27 06:00:10,37,23,36318,10775.833333333334,129.25
2018-02-27 06:15:10,37,23,36320,10791.583333333334,129.33333333333334
2018-02-27 06:30:11,37,23,36328,10817.583333333334,129.58333333333334
2018-02-27 06:45:10,37,23,36338,10850.75,129.91666666666666
2018-02-27 07:00:10,37,24,36349,9891.5,110.0
2018-02-27 07:15:10,37,24,36348,10038.25,111.41666666666667
2018-02-27 07:30:12,37,24,36354,10121.5,111.91666666666667
2018-02-27 07:45:11,37,24,36358,10170.416666666666,112.25
2018-02-27 08:00:10,37,24,36360,10196.916666666666,112.58333333333333
2018-02-27 08:15:11,37,24,36364,10219.333333333334,112.83333333333333
2018-02-27 08:30:10,37,24,36370,10238.916666666666,112.83333333333333
2018-02-27 08:45:09,37,24,36367,10254.083333333334,112.91666666666667
2018-02-27 09:00:10,37,24,36378,10270.75,113.41666666666667
2018-02-27 09:15:08,37,24,36385,10287.166666666666,113.41666666666667
2018-02-27 09:30:10,37,24,36394,10300.75,113.58333333333333
2018-02-27 09:45:10,37,24,36399,10314.916666666666,113.75
2018-02-27 10:00:10,37,24,36406,10328.0,113.83333333333333
2018-02-27 10:15:10,37,24,36411,10338.833333333334,113.83333333333333
2018-02-27 10:30:10,37,24,36419,10351.333333333334,113.83333333333333
2018-02-27 10:45:10,37,24,36428,10361.166666666666,113.83333333333333
2018-02-27 11:00:10,37,24,36440,10371.583333333334,114.0
2018-02-27 11:15:10,37,24,36445,10381.25,114.25
2018-02-27 11:30:10,37,24,36455,10390.75,114.25
2018-02-27 11:45:10,37,24,36462,10403.416666666666,114.33333333333333
2018-02-27 12:00:09,37,24,36470,10414.166666666666,114.41666666666667
2018-02-27 12:15:09,37,24,36478,10426.5,114.58333333333333
2018-02-27 12:30:11,37,24,36491,10440.75,114.58333333333333
2018-02-27 12:45:10,37,24,36503,10455.75,114.58333333333333
2018-02-27 13:00:10,37,24,36514,10474.25,114.66666666666667
2018-02-27 13:15:10,37,24,36525,10498.666666666666,114.75
2018-02-27 13:30:10,37,25,36536,9580.666666666666,102.58333333333333
2018-02-27 13:45:10,37,25,36543,9669.583333333334,107.41666666666667
2018-02-27 14:00:11,37,25,36558,9753.666666666666,110.75
2018-02-27 14:15:10,37,25,36581,9832.583333333334,113.41666666666667
2018-02-27 14:30:11,37,25,36605,9904.583333333334,115.58333333333333
2018-02-27 14:45:11,37,25,36618,9963.833333333334,116.66666666666667
2018-02-27 15:00:11,37,25,36648,10015.416666666666,117.58333333333333
2018-02-27 15:15:10,37,25,36674,10065.166666666666,118.83333333333333
2018-02-27 15:30:10,37,25,36705,10109.083333333334,119.41666666666667
2018-02-27 15:45:10,37,25,36730,10154.5,120.25
2018-02-27 16:00:10,37,25,36759,10206.25,121.0
2018-02-27 16:15:10,37,25,36778,10254.25,122.25
2018-02-27 16:30:10,37,25,36805,10301.75,123.08333333333333
2018-02-27 16:45:10,37,25,36831,10345.583333333334,124.0
2018-02-27 17:00:11,37,25,36847,10386.5,125.0
2018-02-27 17:15:10,37,25,36879,10420.583333333334,125.41666666666667
2018-02-27 17:30:11,37,25,36897,10456.833333333334,126.0
2018-02-27 17:45:11,37,25,36912,10485.5,126.83333333333333
2018-02-27 18:00:11,37,25,36942,10514.5,127.25
2018-02-27 18:15:10,37,25,36971,10544.333333333334,127.66666666666667
2018-02-27 18:30:09,37,25,36988,10570.833333333334,128.16666666666666
2018-02-27 18:45:09,37,25,37016,10595.0,128.66666666666666
2018-02-27 19:00:10,37,25,37045,10617.5,129.08333333333334
2018-02-27 19:15:10,37,25,37075,10642.25,129.5
2018-02-27 19:30:10,37,25,37099,10665.083333333334,130.0
2018-02-27 19:45:10,37,25,37130,10684.833333333334,130.91666666666666
2018-02-27 20:00:10,37,25,37145,10705.666666666666,131.25
2018-02-27 20:15:09,37,25,37171,10727.75,131.66666666666666
2018-02-27 20:30:10,37,25,37203,10751.583333333334,132.16666666666666
2018-02-27 20:45:11,37,25,37229,10774.75,132.83333333333334
2018-02-27 21:00:10,37,25,37256,10796.333333333334,133.16666666666666
2018-02-27 21:15:15,37,25,37281,10814.25,133.75
2018-02-27 21:30:10,37,25,37305,10831.833333333334,134.25
2018-02-27 21:45:10,37,25,37329,10849.25,134.66666666666666
2018-02-27 22:00:12,37,25,37353,10864.833333333334,135.08333333333334
2018-02-27 22:15:10,37,25,37363,10877.666666666666,135.41666666666666
2018-02-27 22:30:09,37,25,37379,10887.166666666666,135.5
2018-02-27 22:45:11,37,25,37389,10896.0,135.75
2018-02-27 23:00:11,37,25,37399,10902.583333333334,136.16666666666666
2018-02-27 23:15:10,37,25,37406,10907.083333333334,136.41666666666666
2018-02-27 23:30:11,37,25,37418,10910.333333333334,136.5
2018-02-27 23:45:10,37,25,37426,10914.083333333334,136.75
2018-02-28 00:00:12,37,25,37432,10915.583333333334,136.75
2018-02-28 00:15:12,37,25,37442,10917.25,136.83333333333334
2018-02-28 00:30:13,37,25,37444,10918.166666666666,136.83333333333334
2018-02-28 00:45:12,37,25,37448,10919.333333333334,136.83333333333334
2018-02-28 01:00:12,37,25,37452,10919.666666666666,136.83333333333334
2018-02-28 01:15:13,37,25,37453,10920.0,136.83333333333334
2018-02-28 01:30:13,37,25,37456,10920.333333333334,136.83333333333334
2018-02-28 01:45:13,37,25,37457,10920.666666666666,136.83333333333334
2018-02-28 02:00:13,37,25,37459,10920.833333333334,136.83333333333334
2018-02-28 02:15:14,37,25,37458,10920.833333333334,136.83333333333334
2018-02-28 02:30:12,37,25,37458,10921.166666666666,136.83333333333334
2018-02-28 02:45:13,37,25,37459,10921.333333333334,136.83333333333334
2018-02-28 03:00:13,37,25,37460,10921.5,136.83333333333334
2018-02-28 03:15:14,37,25,37461,10921.583333333334,136.83333333333334
2018-02-28 03:30:13,37,25,37461,10921.833333333334,136.83333333333334
2018-02-28 03:45:13,37,25,37462,10922.333333333334,136.83333333333334
2018-02-28 04:00:14,37,25,37462,10922.5,136.83333333333334
2018-02-28 04:15:13,37,25,37462,10922.666666666666,136.83333333333334
2018-02-28 04:30:13,37,25,37462,10922.75,136.83333333333334
2018-02-28 04:45:15,37,25,37463,10922.75,136.83333333333334
2018-02-28 05:00:13,37,25,37462,10922.75,136.83333333333334
2018-02-28 05:15:13,37,25,37462,10922.833333333334,136.83333333333334
2018-02-28 05:30:13,37,25,37462,10923.25,136.83333333333334
2018-02-28 05:45:14,37,25,37462,10923.916666666666,136.83333333333334
2018-02-28 06:00:13,37,25,37463,10924.833333333334,136.91666666666666
2018-02-28 06:15:13,37,25,37468,10927.5,136.91666666666666
2018-02-28 06:30:11,37,25,37468,10931.333333333334,137.0
2018-02-28 06:45:12,37,25,37471,10938.666666666666,137.0
2018-02-28 07:00:11,37,25,37475,10946.0,137.16666666666666
2018-02-28 07:15:17,37,25,37482,10952.833333333334,137.16666666666666
2018-02-28 07:30:13,37,25,37485,10957.25,137.25
2018-02-28 07:45:10,37,25,37487,10962.333333333334,137.33333333333334
2018-02-28 08:00:11,37,25,37491,10965.0,137.41666666666666
2018-02-28 08:15:11,37,25,37495,10966.833333333334,137.41666666666666
2018-02-28 08:30:13,37,25,37499,10969.333333333334,137.5
2018-02-28 08:45:10,37,25,37504,10972.583333333334,137.5
2018-02-28 09:00:11,37,25,37513,10974.083333333334,137.58333333333334
2018-02-28 09:15:11,37,25,37514,10977.0,137.75
2018-02-28 09:30:11,37,25,37519,10980.0,137.75
2018-02-28 09:45:10,37,25,37523,10981.083333333334,137.75
2018-02-28 10:00:10,37,25,37525,10982.0,137.75
2018-02-28 10:15:10,37,25,37539,10983.916666666666,137.83333333333334
2018-02-28 10:30:10,37,25,37544,10986.0,137.83333333333334
2018-02-28 10:45:09,37,25,37548,10987.75,137.83333333333334
2018-02-28 11:00:09,37,25,37556,10989.916666666666,137.83333333333334
2018-02-28 11:15:11,37,25,37558,10992.25,137.91666666666666
2018-02-28 11:30:10,37,25,37561,10994.25,137.91666666666666
2018-02-28 11:45:09,37,25,37571,10996.0,138.0
2018-02-28 12:00:10,37,25,37575,10998.25,138.0
2018-02-28 12:15:10,37,25,37583,11000.833333333334,138.08333333333334
2018-02-28 12:30:10,37,25,37597,11005.833333333334,138.33333333333334
2018-02-28 12:45:10,37,25,37611,11011.75,138.33333333333334
2018-02-28 13:00:11,37,25,37621,11016.666666666666,138.5
2018-02-28 13:15:10,37,25,37626,11021.25,138.66666666666666
2018-02-28 13:30:10,37,25,37643,11030.916666666666,138.66666666666666
2018-02-28 13:45:11,37,25,37658,11036.25,138.75
2018-02-28 14:00:11,37,25,37676,11042.083333333334,139.0
2018-02-28 14:15:10,37,25,37688,11050.333333333334,139.0
2018-02-28 14:30:09,37,25,37715,11060.166666666666,139.08333333333334
2018-02-28 14:45:09,37,25,37735,11066.916666666666,139.08333333333334
2018-02-28 15:00:26,37,25,37755,11074.833333333334,139.08333333333334
2018-02-28 15:15:10,37,25,37768,11083.75,139.08333333333334
2018-02-28 15:30:51,37,27,37774,8801.833333333334,115.75
2018-02-28 15:45:55,37,27,37781,8997.0,119.5
2018-02-28 16:30:12,37,27,37869,9352.416666666666,122.16666666666667
2018-02-28 16:45:16,37,27,37905,9452.583333333334,122.66666666666667
2018-02-28 17:00:13,37,27,37941,9540.25,123.0
2018-02-28 17:15:11,37,27,37970,9612.416666666666,123.58333333333333
2018-02-28 17:30:10,37,27,38005,9676.25,123.91666666666667
2018-02-28 17:45:10,37,27,38038,9739.583333333334,124.16666666666667
2018-02-28 18:00:11,37,27,38071,9798.666666666666,124.5
2018-02-28 18:15:10,37,27,38102,9851.333333333334,125.08333333333333
2018-02-28 18:30:11,37,27,38137,9900.583333333334,125.41666666666667
2018-02-28 18:45:11,37,27,38155,9942.916666666666,125.58333333333333
2018-02-28 19:00:13,37,27,38194,9982.833333333334,125.83333333333333
2018-02-28 19:15:10,37,27,38234,10019.833333333334,125.91666666666667
2018-02-28 19:30:10,37,27,38270,10058.416666666666,126.16666666666667
2018-02-28 19:45:11,37,27,38291,10096.583333333334,126.75
2018-02-28 20:00:13,37,27,38318,10135.666666666666,126.75
2018-02-28 20:15:13,37,27,38338,10166.583333333334,126.91666666666667
2018-02-28 20:30:17,37,27,38372,10198.666666666666,126.91666666666667
2018-02-28 20:45:10,37,27,38408,10229.583333333334,127.08333333333333
2018-02-28 21:00:10,37,27,38470,10267.166666666666,127.25
2018-02-28 21:15:12,37,27,38511,10300.916666666666,127.5
2018-02-28 21:30:15,37,27,38548,10329.416666666666,127.66666666666667
2018-02-28 21:45:14,37,27,38589,10355.25,127.83333333333333
2018-02-28 22:00:27,37,27,38617,10376.0,128.0
2018-02-28 22:15:41,37,27,38646,10394.666666666666,128.0
2018-02-28 22:30:13,37,27,38668,10409.166666666666,128.0
2018-02-28 22:45:12,37,27,38694,10422.833333333334,128.0
2018-02-28 23:00:11,37,27,38724,10434.25,128.16666666666666
2018-02-28 23:15:12,37,27,38742,10443.25,128.16666666666666
2018-02-28 23:30:11,37,27,38755,10448.583333333334,128.16666666666666
2018-02-28 23:45:10,37,27,38770,10452.333333333334,128.16666666666666
2018-03-01 00:00:10,37,27,38781,10455.166666666666,128.16666666666666
2018-03-01 00:15:10,37,27,38786,10457.5,128.16666666666666
2018-03-01 00:30:11,37,27,38792,10458.5,128.25
2018-03-01 00:45:11,37,27,38799,10459.583333333334,128.25
2018-03-01 01:00:10,37,27,38800,10460.333333333334,128.25
2018-03-01 01:15:11,37,27,38803,10460.75,128.25
2018-03-01 01:30:10,37,27,38805,10462.416666666666,128.25
2018-03-01 01:45:12,37,27,38807,10462.833333333334,128.25
2018-03-01 02:00:11,37,27,38807,10463.25,128.25
2018-03-01 02:15:12,37,27,38808,10463.5,128.25
2018-03-01 02:30:12,37,27,38811,10464.166666666666,128.25
2018-03-01 02:45:12,37,27,38812,10464.25,128.25
2018-03-01 03:00:12,37,27,38815,10464.666666666666,128.25
2018-03-01 03:15:11,37,27,38814,10465.416666666666,128.25
2018-03-01 03:30:11,37,27,38815,10465.5,128.25
2018-03-01 03:45:11,37,27,38814,10465.5,128.25
2018-03-01 04:00:12,37,27,38815,10465.583333333334,128.25
2018-03-01 04:15:12,37,27,38815,10465.666666666666,128.25
2018-03-01 04:30:12,37,27,38817,10465.833333333334,128.25
2018-03-01 04:45:11,37,27,38817,10465.916666666666,128.25
2018-03-01 05:00:10,37,27,38817,10465.916666666666,128.25
2018-03-01 05:15:11,37,27,38821,10466.583333333334,128.33333333333334
2018-03-01 05:30:11,37,27,38822,10467.083333333334,128.33333333333334
2018-03-01 05:45:10,37,27,38822,10467.833333333334,128.33333333333334
2018-03-01 06:00:12,37,27,38826,10469.666666666666,128.33333333333334
2018-03-01 06:15:10,37,27,38831,10473.333333333334,128.33333333333334
2018-03-01 06:30:10,37,27,38841,10481.083333333334,128.33333333333334
2018-03-01 06:45:10,37,27,38852,10490.25,128.33333333333334
2018-03-01 07:00:09,37,27,38864,10502.75,128.33333333333334
2018-03-01 07:15:09,37,27,38876,10513.416666666666,128.58333333333334
2018-03-01 07:30:09,37,27,38888,10524.166666666666,128.58333333333334
2018-03-01 07:45:11,37,27,38892,10533.0,128.75
2018-03-01 08:00:10,37,27,38902,10537.333333333334,128.75
2018-03-01 08:15:10,37,27,38906,10541.833333333334,128.75
2018-03-01 08:30:10,37,27,38914,10546.5,128.91666666666666
2018-03-01 08:45:11,37,27,38923,10548.5,128.91666666666666
2018-03-01 09:00:11,37,27,38930,10551.583333333334,129.0
2018-03-01 09:15:10,37,27,38933,10555.25,129.16666666666666
2018-03-01 09:30:09,37,27,38945,10557.583333333334,129.16666666666666
2018-03-01 09:45:09,37,27,38954,10561.0,129.16666666666666
2018-03-01 10:00:09,37,27,38961,10564.75,129.41666666666666
2018-03-01 10:15:09,37,30,38970,7800.25,110.41666666666667
2018-03-01 10:30:10,37,30,38976,7912.916666666667,111.25
2018-03-01 10:45:09,37,30,38983,7989.833333333333,111.83333333333333
2018-03-01 11:00:10,37,30,38990,8056.083333333333,112.25
2018-03-01 11:15:10,37,30,38996,8112.5,112.25
2018-03-01 11:30:10,37,30,39001,8171.916666666667,112.25
2018-03-01 11:45:10,37,30,39011,8221.0,112.58333333333333
2018-03-01 12:00:10,37,30,39021,8274.5,112.75
2018-03-01 12:15:10,37,30,39033,8330.166666666666,113.0
2018-03-01 12:30:10,37,30,39058,8395.833333333334,113.25
2018-03-01 12:45:09,37,30,39071,8463.333333333334,113.25
2018-03-01 13:00:11,37,30,39094,8531.25,113.33333333333333
2018-03-01 13:15:10,37,30,39113,8611.333333333334,114.33333333333333
2018-03-01 13:30:12,37,30,39134,8711.333333333334,114.66666666666667
2018-03-01 13:45:10,37,30,39155,8817.583333333334,115.0
2018-03-01 14:00:10,37,30,39170,8933.0,115.41666666666667
2018-03-01 14:15:10,37,30,39185,9034.583333333334,116.41666666666667
2018-03-01 14:30:10,37,30,39208,9118.416666666666,116.58333333333333
2018-03-01 14:45:10,37,30,39227,9203.583333333334,117.25
2018-03-01 15:00:10,37,30,39245,9280.75,117.5
2018-03-01 15:15:10,37,30,39280,9350.0,117.66666666666667
2018-03-01 15:30:10,37,30,39309,9422.333333333334,118.33333333333333
2018-03-01 15:45:11,37,30,39358,9499.166666666666,118.5
2018-03-01 16:00:10,37,30,39393,9580.833333333334,118.58333333333333
2018-03-01 16:15:10,37,30,39427,9659.166666666666,118.75
2018-03-01 16:30:10,37,30,39463,9733.416666666666,119.0
2018-03-01 16:45:11,37,30,39496,9807.5,119.25
2018-03-01 17:00:11,37,30,39536,9878.083333333334,119.5
2018-03-01 17:15:10,37,30,39564,9941.083333333334,119.5
2018-03-01 17:30:10,37,30,39597,9998.5,119.58333333333333
2018-03-01 17:45:10,37,30,39646,10053.583333333334,119.66666666666667
2018-03-01 18:00:11,37,30,39682,10111.916666666666,119.75
2018-03-01 18:15:10,37,30,39716,10154.5,119.83333333333333
2018-03-01 18:30:10,37,30,39747,10199.416666666666,119.83333333333333
2018-03-01 18:45:12,37,30,39769,10247.083333333334,119.91666666666667
2018-03-01 19:00:10,37,30,39805,10289.25,119.91666666666667
2018-03-01 19:15:09,37,30,39837,10326.916666666666,120.0
2018-03-01 19:30:09,37,30,39881,10370.666666666666,120.33333333333333
2018-03-01 19:45:09,37,30,39931,10405.333333333334,120.41666666666667
2018-03-01 20:00:09,37,30,39980,10441.916666666666,120.5
2018-03-01 20:15:10,37,30,40027,10475.916666666666,120.5
2018-03-01 20:30:10,37,30,40147,10509.5,120.91666666666667
2018-03-01 20:45:11,37,30,40267,10557.5,121.08333333333333
2018-03-01 21:00:12,37,30,40401,10596.833333333334,121.41666666666667
2018-03-01 21:15:10,37,30,40599,10629.75,121.91666666666667
2018-03-01 21:30:10,37,30,40913,10678.583333333334,122.16666666666667
2018-03-01 21:45:10,37,31,41369,9932.5,126.83333333333333
2018-03-01 22:00:10,37,31,41993,10264.583333333334,135.25
2018-03-01 22:15:11,37,31,42303,10406.916666666666,138.41666666666666
2018-03-01 22:30:14,37,31,42584,10511.416666666666,140.0
2018-03-01 22:45:10,37,31,43022,10649.5,142.41666666666666
2018-03-01 23:00:10,37,31,43458,10743.25,146.41666666666666
2018-03-01 23:15:10,37,32,44115,9899.25,140.16666666666666
2018-03-01 23:30:10,37,32,44498,10052.166666666666,144.5
2018-03-01 23:45:10,37,32,44683,10132.0,147.75
2018-03-02 00:00:11,37,32,44801,10182.416666666666,150.08333333333334
2018-03-02 00:15:10,37,32,44860,10211.416666666666,150.83333333333334
2018-03-02 00:30:10,37,32,44908,10229.083333333334,151.0
2018-03-02 00:45:10,37,32,44955,10239.0,151.33333333333334
2018-03-02 01:00:11,37,32,44981,10247.916666666666,152.25
2018-03-02 01:15:12,37,32,45004,10256.0,152.41666666666666
2018-03-02 01:30:11,37,32,45020,10262.333333333334,152.58333333333334
2018-03-02 01:45:12,37,32,45034,10267.333333333334,152.66666666666666
2018-03-02 02:00:10,37,32,45040,10269.833333333334,152.66666666666666
2018-03-02 02:15:10,37,32,45044,10272.0,152.75
2018-03-02 02:30:11,37,32,45050,10273.916666666666,152.75
2018-03-02 02:45:11,37,32,45058,10275.5,152.75
2018-03-02 03:00:11,37,32,45065,10277.0,152.75
2018-03-02 03:15:11,37,32,45070,10278.25,152.75
2018-03-02 03:30:11,37,32,45074,10278.833333333334,152.75
2018-03-02 03:45:11,37,32,45080,10280.5,152.83333333333334
2018-03-02 04:00:11,37,32,45083,10282.5,152.83333333333334
2018-03-02 04:15:12,37,32,45087,10283.333333333334,152.83333333333334
2018-03-02 04:30:11,37,32,45092,10284.166666666666,152.83333333333334
2018-03-02 04:45:12,37,32,45095,10284.916666666666,152.83333333333334
2018-03-02 05:00:10,37,32,45098,10286.666666666666,152.83333333333334
2018-03-02 05:15:11,37,32,45106,10290.75,152.91666666666666
2018-03-02 05:30:10,37,32,45125,10298.166666666666,153.0
2018-03-02 05:45:11,37,32,45141,10314.5,153.0
2018-03-02 06:00:10,37,32,45175,10343.833333333334,153.16666666666666
2018-03-02 06:15:10,37,32,45244,10404.25,153.41666666666666
2018-03-02 06:30:10,37,32,45326,10492.666666666666,154.25
2018-03-02 06:45:10,37,32,45445,10612.25,156.0
2018-03-02 07:00:10,37,32,45601,10754.166666666666,157.83333333333334
2018-03-02 07:15:10,37,32,45768,10877.75,160.33333333333334
2018-03-02 07:30:10,37,32,45919,10978.333333333334,161.58333333333334
2018-03-02 07:45:11,37,32,46026,11042.916666666666,162.33333333333334
2018-03-02 08:00:11,37,32,46112,11085.916666666666,162.83333333333334
2018-03-02 08:15:10,37,32,46192,11117.583333333334,162.91666666666666
2018-03-02 08:30:10,37,32,46261,11152.0,163.5
2018-03-02 08:45:09,37,32,46333,11181.083333333334,163.91666666666666
2018-03-02 09:00:10,37,32,46398,11206.5,164.16666666666666
2018-03-02 09:15:09,37,32,46483,11227.583333333334,164.83333333333334
2018-03-02 09:30:09,37,32,46541,11250.583333333334,164.91666666666666
2018-03-02 09:45:10,37,32,46609,11272.583333333334,165.08333333333334
2018-03-02 10:00:10,37,32,46677,11293.666666666666,165.41666666666666
2018-03-02 10:15:09,37,32,46748,11315.5,165.83333333333334
2018-03-02 10:30:10,37,32,46816,11334.916666666666,166.16666666666666
2018-03-02 10:45:10,37,32,46901,11355.916666666666,166.41666666666666
2018-03-02 11:00:11,37,32,46960,11374.5,166.75
2018-03-02 11:15:11,37,32,47028,11394.75,167.25
2018-03-02 11:30:10,37,32,47097,11416.5,167.33333333333334
2018-03-02 11:45:09,37,32,47155,11435.583333333334,167.41666666666666
2018-03-02 12:00:09,37,32,47228,11457.5,167.75
2018-03-02 12:15:10,37,32,47319,11482.583333333334,167.75
2018-03-02 12:30:10,37,32,47423,11516.25,168.16666666666666
2018-03-02 12:45:10,37,32,47529,11545.333333333334,168.66666666666666
2018-03-02 13:00:10,37,32,47660,11584.75,168.83333333333334
2018-03-02 13:15:11,37,32,47784,11631.0,169.25
2018-03-02 13:30:11,37,32,47942,11684.416666666666,170.08333333333334
2018-03-02 13:45:11,37,32,48128,11753.916666666666,170.75
2018-03-02 14:00:11,37,32,48305,11822.75,172.0
2018-03-02 14:15:10,37,32,48483,11894.0,172.58333333333334
2018-03-02 14:30:11,37,32,48672,11966.25,174.08333333333334
2018-03-02 14:45:10,37,32,48848,12030.916666666666,174.33333333333334
2018-03-02 15:00:09,37,32,49046,12096.25,174.83333333333334
2018-03-02 15:15:10,37,32,49229,12157.5,175.66666666666666
2018-03-02 15:30:11,37,32,49407,12217.416666666666,176.41666666666666
2018-03-02 15:45:11,37,32,49564,12274.416666666666,177.08333333333334
2018-03-02 16:00:12,37,32,49729,12328.916666666666,177.41666666666666
2018-03-02 16:15:10,37,32,49901,12379.0,177.83333333333334
2018-03-02 16:30:11,37,32,50049,12430.333333333334,177.83333333333334
2018-03-02 16:45:10,37,32,50205,12476.333333333334,178.83333333333334
2018-03-02 17:00:11,37,32,50370,12523.333333333334,179.16666666666666
2018-03-02 17:15:11,37,32,50501,12571.833333333334,179.66666666666666
2018-03-02 17:30:11,37,32,50619,12611.166666666666,180.0
2018-03-02 17:45:11,37,32,50747,12649.666666666666,180.33333333333334
2018-03-02 18:00:12,37,32,50874,12690.166666666666,180.25
2018-03-02 18:15:10,37,32,51007,12729.166666666666,180.58333333333334
2018-03-02 18:30:10,37,32,51123,12762.916666666666,180.75
2018-03-02 18:45:10,37,32,51229,12798.416666666666,180.91666666666666
2018-03-02 19:00:10,37,32,51349,12839.0,182.33333333333334
2018-03-02 19:15:10,37,32,51463,12874.25,182.75
2018-03-02 19:30:10,37,33,51568,12279.75,180.16666666666666
2018-03-02 19:45:10,37,33,51665,12437.916666666666,181.83333333333334
2018-03-02 20:00:11,37,33,51788,12556.083333333334,182.58333333333334
2018-03-02 20:15:12,37,33,51911,12665.666666666666,182.91666666666666
2018-03-02 20:30:10,37,33,52033,12759.166666666666,183.41666666666666
2018-03-02 20:45:12,37,33,52169,12846.166666666666,183.91666666666666
2018-03-02 21:00:12,37,33,52297,12933.166666666666,184.66666666666666
2018-03-02 21:15:12,37,33,52427,13010.5,185.33333333333334
2018-03-02 21:30:10,37,33,52553,13085.916666666666,186.0
2018-03-02 21:45:10,37,33,52717,13151.083333333334,186.75
2018-03-02 22:00:09,37,33,52860,13210.0,187.0
2018-03-02 22:15:10,37,33,52965,13262.666666666666,187.41666666666666
2018-03-02 22:30:10,37,33,53077,13315.333333333334,187.83333333333334
2018-03-02 22:45:10,37,33,53152,13362.916666666666,188.5
2018-03-02 23:00:10,37,33,53254,13410.25,189.0
2018-03-02 23:15:11,37,33,53331,13444.0,189.0
2018-03-02 23:30:10,37,33,53407,13476.0,189.08333333333334
2018-03-02 23:45:10,37,33,53450,13502.166666666666,189.25
2018-03-03 00:00:12,37,33,53487,13526.333333333334,189.33333333333334
2018-03-03 00:15:12,37,33,53523,13544.166666666666,189.41666666666666
2018-03-03 00:30:11,37,33,53563,13559.5,189.5
2018-03-03 00:45:10,37,33,53587,13569.583333333334,189.5
2018-03-03 01:00:11,37,33,53610,13576.0,189.5
2018-03-03 01:15:11,37,33,53622,13581.75,189.66666666666666
2018-03-03 01:30:13,37,33,53636,13587.75,189.66666666666666
2018-03-03 01:45:13,37,33,53646,13592.833333333334,189.66666666666666
2018-03-03 02:00:12,37,33,53661,13596.5,189.66666666666666
2018-03-03 02:15:12,37,33,53665,13597.833333333334,189.66666666666666
2018-03-03 02:30:12,37,33,53673,13601.5,189.66666666666666
2018-03-03 02:45:13,37,33,53675,13602.833333333334,189.66666666666666
2018-03-03 03:00:12,37,33,53678,13605.333333333334,189.66666666666666
2018-03-03 03:15:13,37,33,53678,13606.5,189.66666666666666
2018-03-03 03:30:11,37,33,53681,13607.583333333334,189.66666666666666
2018-03-03 03:45:13,37,33,53688,13608.25,189.66666666666666
2018-03-03 04:00:14,37,33,53688,13608.583333333334,189.66666666666666
2018-03-03 04:15:12,37,33,53692,13609.583333333334,189.66666666666666
2018-03-03 04:30:12,37,33,53691,13610.916666666666,189.66666666666666
2018-03-03 04:45:13,37,33,53693,13611.583333333334,189.66666666666666
2018-03-03 05:00:13,37,33,53694,13612.666666666666,189.66666666666666
2018-03-03 05:15:11,37,33,53695,13612.833333333334,189.66666666666666
2018-03-03 05:30:15,37,33,53698,13613.333333333334,189.66666666666666
2018-03-03 05:45:12,37,33,53700,13614.5,189.66666666666666
2018-03-03 06:00:11,37,33,53702,13615.0,189.66666666666666
2018-03-03 06:15:11,37,33,53703,13616.666666666666,189.66666666666666
2018-03-03 06:30:12,37,33,53705,13618.833333333334,189.66666666666666
2018-03-03 06:45:12,37,33,53711,13621.916666666666,189.75
2018-03-03 07:00:10,37,33,53718,13626.083333333334,189.75
2018-03-03 07:15:10,37,33,53730,13639.333333333334,189.83333333333334
2018-03-03 07:30:10,37,33,53747,13654.416666666666,189.91666666666666
2018-03-03 07:45:10,37,33,53768,13669.25,190.08333333333334
2018-03-03 08:00:10,37,33,53799,13689.416666666666,190.25
2018-03-03 08:15:09,37,33,53828,13712.833333333334,190.33333333333334
2018-03-03 08:30:10,37,33,53877,13740.166666666666,190.5
2018-03-03 08:45:10,37,33,53921,13764.916666666666,190.66666666666666
2018-03-03 09:00:10,37,33,53964,13792.166666666666,190.75
2018-03-03 09:15:10,37,33,54017,13827.583333333334,190.83333333333334
2018-03-03 09:30:10,37,33,54083,13860.0,190.91666666666666
2018-03-03 09:45:11,37,33,54133,13894.75,191.0
2018-03-03 10:00:10,37,33,54177,13928.5,191.25
2018-03-03 10:15:10,37,33,54239,13952.416666666666,191.33333333333334
2018-03-03 10:30:11,37,33,54306,13981.083333333334,191.41666666666666
2018-03-03 10:45:10,37,34,54378,13125.083333333334,181.25
2018-03-03 11:00:10,37,34,54432,13303.75,184.58333333333334
2018-03-03 11:15:10,37,34,54502,13428.916666666666,185.41666666666666
2018-03-03 11:30:10,37,34,54560,13519.916666666666,185.91666666666666
2018-03-03 11:45:11,37,34,54618,13594.083333333334,186.16666666666666
2018-03-03 12:00:12,37,34,54668,13657.333333333334,186.66666666666666
2018-03-03 12:15:10,37,34,54721,13719.916666666666,187.16666666666666
2018-03-03 12:30:10,37,34,54776,13776.833333333334,187.41666666666666
2018-03-03 12:45:11,37,34,54832,13828.083333333334,187.83333333333334
2018-03-03 13:00:11,37,34,54877,13872.916666666666,188.0
2018-03-03 13:15:10,37,34,54978,13919.25,188.33333333333334
2018-03-03 13:30:10,37,34,55049,13961.5,188.58333333333334
2018-03-03 13:45:11,37,34,55100,13997.583333333334,188.91666666666666
2018-03-03 14:00:10,37,34,55174,14035.083333333334,189.16666666666666
2018-03-03 14:15:10,37,34,55222,14071.583333333334,189.16666666666666
2018-03-03 14:30:10,37,34,55290,14105.5,189.41666666666666
2018-03-03 14:45:10,37,34,55341,14136.666666666666,189.91666666666666
2018-03-03 15:00:11,37,34,55396,14165.666666666666,190.0
2018-03-03 15:15:11,37,34,55463,14198.916666666666,190.41666666666666
2018-03-03 15:30:11,37,34,55505,14224.0,190.75
2018-03-03 15:45:11,37,34,55567,14250.666666666666,190.83333333333334
2018-03-03 16:00:11,37,34,55626,14277.333333333334,191.08333333333334
2018-03-03 16:15:10,37,34,55683,14305.166666666666,191.75
2018-03-03 16:30:11,37,34,55729,14331.25,191.91666666666666
2018-03-03 16:45:11,37,34,55777,14355.5,192.0
2018-03-03 17:00:12,37,34,55824,14384.166666666666,192.08333333333334
2018-03-03 17:15:12,37,34,55877,14406.25,192.41666666666666
2018-03-03 17:30:12,37,34,55920,14428.25,192.41666666666666
2018-03-03 17:45:12,37,34,55971,14453.083333333334,192.66666666666666
2018-03-03 18:00:10,37,34,56021,14475.083333333334,192.75
2018-03-03 18:15:10,37,34,56074,14497.833333333334,192.83333333333334
2018-03-03 18:30:10,37,34,56111,14515.25,193.16666666666666
2018-03-03 18:45:10,37,34,56161,14535.166666666666,193.33333333333334
2018-03-03 19:00:10,37,34,56217,14557.666666666666,193.5
2018-03-03 19:15:10,37,35,56260,13636.75,181.08333333333334
2018-03-03 19:30:11,37,35,56313,13830.416666666666,183.41666666666666
2018-03-03 19:45:10,37,35,56370,13979.583333333334,184.25
2018-03-03 20:00:11,37,35,56414,14098.25,185.33333333333334
2018-03-03 20:15:11,37,35,56477,14205.416666666666,186.5
2018-03-03 20:30:11,37,35,56520,14288.166666666666,187.58333333333334
2018-03-03 20:45:10,37,35,56581,14364.416666666666,188.08333333333334
2018-03-03 21:00:10,37,35,56622,14440.75,188.58333333333334
2018-03-03 21:15:10,37,35,56672,14504.25,189.08333333333334
2018-03-03 21:30:09,37,35,56732,14562.916666666666,189.5
2018-03-03 21:45:10,37,35,56788,14618.333333333334,189.91666666666666
2018-03-03 22:00:10,37,35,56825,14664.083333333334,190.25
2018-03-03 22:15:11,37,35,56873,14712.416666666666,190.66666666666666
2018-03-03 22:30:10,37,35,56907,14755.083333333334,191.25
2018-03-03 22:45:10,37,35,56964,14799.0,191.58333333333334
2018-03-03 23:00:10,37,35,57002,14834.916666666666,191.58333333333334
2018-03-03 23:15:10,37,35,57048,14869.583333333334,191.75
2018-03-03 23:30:11,37,35,57081,14901.75,191.91666666666666
2018-03-03 23:45:10,37,35,57110,14928.666666666666,192.25
2018-03-04 00:00:09,37,35,57131,14950.166666666666,192.25
2018-03-04 00:15:09,37,35,57158,14969.166666666666,192.41666666666666
2018-03-04 00:30:10,37,35,57179,14985.0,192.66666666666666
2018-03-04 00:45:10,37,35,57192,14998.25,192.66666666666666
2018-03-04 01:00:10,37,35,57201,15007.916666666666,192.66666666666666
2018-03-04 01:15:10,37,35,57211,15016.916666666666,192.83333333333334
2018-03-04 01:30:10,37,35,57220,15023.0,192.91666666666666
2018-03-04 01:45:10,37,35,57227,15030.666666666666,192.91666666666666
2018-03-04 02:00:11,37,35,57232,15036.083333333334,193.0
2018-03-04 02:15:11,37,35,57237,15040.0,193.0
2018-03-04 02:30:12,37,35,57240,15042.916666666666,193.0
2018-03-04 02:45:11,37,35,57243,15045.416666666666,193.0
2018-03-04 03:00:10,37,35,57245,15047.666666666666,193.0
2018-03-04 03:15:11,37,35,57245,15049.25,193.0
2018-03-04 03:30:11,37,35,57247,15050.25,193.0
2018-03-04 03:45:10,37,35,57248,15052.166666666666,193.0
2018-03-04 04:00:11,37,35,57250,15053.416666666666,193.0
2018-03-04 04:15:10,37,35,57253,15054.666666666666,193.0
2018-03-04 04:30:11,37,35,57255,15055.5,193.0
2018-03-04 04:45:10,37,35,57254,15056.25,193.0
2018-03-04 05:00:11,37,35,57255,15057.166666666666,193.0
2018-03-04 05:15:11,37,35,57257,15058.0,193.0
2018-03-04 05:30:12,37,35,57258,15058.166666666666,193.0
2018-03-04 05:45:11,37,35,57259,15058.666666666666,193.0
2018-03-04 06:00:21,37,35,57259,15059.166666666666,193.08333333333334
2018-03-04 06:15:11,37,35,57259,15059.833333333334,193.08333333333334
2018-03-04 06:30:10,37,35,57259,15061.25,193.08333333333334
2018-03-04 06:45:11,37,35,57261,15062.583333333334,193.08333333333334
2018-03-04 07:00:10,37,35,57263,15065.166666666666,193.08333333333334
2018-03-04 07:15:09,37,35,57269,15070.583333333334,193.16666666666666
2018-03-04 07:30:11,37,35,57280,15076.583333333334,193.16666666666666
2018-03-04 07:45:11,37,35,57295,15085.083333333334,193.25
2018-03-04 08:00:10,37,35,57298,15094.916666666666,193.16666666666666
2018-03-04 08:15:09,37,35,57308,15107.25,193.16666666666666
2018-03-04 08:30:10,37,35,57334,15121.833333333334,193.33333333333334
2018-03-04 08:45:10,37,35,57353,15139.583333333334,193.5
2018-03-04 09:00:10,37,35,57380,15155.5,193.58333333333334
2018-03-04 09:15:09,37,35,57409,15181.583333333334,193.75
2018-03-04 09:30:09,37,35,57441,15206.416666666666,193.75
2018-03-04 09:45:09,37,35,57460,15230.25,194.0
2018-03-04 10:00:09,37,35,57483,15249.75,194.16666666666666
2018-03-04 10:15:09,37,35,57505,15272.333333333334,194.33333333333334
2018-03-04 10:30:09,37,35,57538,15292.75,194.58333333333334
2018-03-04 10:45:10,37,35,57564,15313.5,194.75
2018-03-04 11:00:10,37,35,57595,15334.833333333334,195.0
2018-03-04 11:15:10,37,35,57624,15352.083333333334,195.58333333333334
2018-03-04 11:30:10,37,35,57657,15371.0,195.91666666666666
2018-03-04 11:45:10,37,35,57690,15390.25,196.25
2018-03-04 12:00:10,37,35,57722,15407.333333333334,196.5
2018-03-04 12:15:10,37,35,57743,15422.083333333334,196.58333333333334
2018-03-04 12:30:10,37,36,57774,14570.083333333334,194.83333333333334
2018-03-04 12:45:11,37,36,57841,14809.75,196.83333333333334
2018-03-04 13:00:10,37,36,57897,14978.583333333334,197.83333333333334
2018-03-04 13:15:10,37,36,57956,15103.416666666666,199.16666666666666
2018-03-04 13:30:10,37,36,58008,15217.166666666666,199.75
2018-03-04 13:45:10,37,36,58046,15306.333333333334,200.75
2018-03-04 14:00:10,37,36,58083,15383.833333333334,201.25
2018-03-04 14:15:10,37,36,58152,15459.416666666666,201.75
2018-03-04 14:30:11,37,36,58210,15523.666666666666,202.0
2018-03-04 14:45:11,37,36,58260,15576.083333333334,202.25
2018-03-04 15:00:10,37,36,58317,15628.916666666666,202.5
2018-03-04 15:15:10,37,36,58382,15677.25,202.75
2018-03-04 15:30:11,37,36,58431,15724.416666666666,204.08333333333334
2018-03-04 15:45:10,37,36,58487,15770.333333333334,204.08333333333334
2018-03-04 16:00:11,37,36,58550,15816.916666666666,204.25
2018-03-04 16:15:11,37,36,58587,15855.083333333334,204.41666666666666
2018-03-04 16:30:10,37,36,58633,15891.5,204.83333333333334
2018-03-04 16:45:10,37,36,58695,15928.166666666666,205.0
2018-03-04 17:00:11,37,36,58817,15973.75,205.25
2018-03-04 17:15:11,37,36,58922,16028.916666666666,206.0
2018-03-04 17:30:11,37,36,59034,16066.916666666666,206.58333333333334
2018-03-04 17:45:10,37,36,59123,16107.916666666666,206.75
2018-03-04 18:00:10,37,36,59210,16147.75,207.0
2018-03-04 18:15:10,37,36,59278,16191.416666666666,207.25
2018-03-04 18:30:10,37,36,59363,16228.416666666666,207.58333333333334
2018-03-04 18:45:10,37,36,59428,16263.833333333334,207.91666666666666
2018-03-04 19:00:10,37,36,59473,16295.166666666666,207.91666666666666
2018-03-04 19:15:09,37,36,59539,16323.083333333334,208.25
2018-03-04 19:30:10,37,36,59591,16360.166666666666,208.5
2018-03-04 19:45:10,37,36,59651,16389.583333333332,208.58333333333334
2018-03-04 20:00:10,37,36,59715,16417.25,208.66666666666666
2018-03-04 20:15:10,37,36,59778,16448.416666666668,208.83333333333334
2018-03-04 20:30:11,37,36,59829,16474.083333333332,208.91666666666666
2018-03-04 20:45:17,37,36,59894,16503.583333333332,209.16666666666666
2018-03-04 21:00:10,37,36,59955,16534.916666666668,209.25
2018-03-04 21:15:10,37,36,60011,16561.5,209.41666666666666
2018-03-04 21:30:11,37,36,60062,16584.25,209.5
2018-03-04 21:45:11,37,36,60106,16603.666666666668,209.66666666666666
2018-03-04 22:00:10,37,36,60145,16623.75,209.75
2018-03-04 22:15:11,37,36,60192,16644.0,209.83333333333334
2018-03-04 22:30:12,37,36,60237,16660.75,210.16666666666666
2018-03-04 22:45:15,37,36,60274,16674.0,210.33333333333334
2018-03-04 23:00:15,37,36,60306,16685.25,210.41666666666666
2018-03-04 23:15:12,37,36,60327,16690.833333333332,210.41666666666666
2018-03-04 23:30:13,37,36,60342,16696.916666666668,210.5
2018-03-04 23:45:12,37,36,60358,16702.916666666668,210.5
2018-03-05 00:00:11,37,36,60372,16707.75,210.5
2018-03-05 00:15:14,37,36,60378,16710.75,210.5
2018-03-05 00:30:14,37,36,60380,16712.0,210.5
2018-03-05 00:45:12,37,36,60387,16713.0,210.5
2018-03-05 01:00:11,37,36,60395,16713.75,210.5
2018-03-05 01:15:11,37,36,60397,16714.583333333332,210.5
2018-03-05 01:30:11,37,36,60402,16715.25,210.5
2018-03-05 01:45:11,37,36,60406,16715.916666666668,210.5
2018-03-05 02:00:12,37,36,60407,16716.25,210.5
2018-03-05 02:15:12,37,36,60407,16716.75,210.5
2018-03-05 02:30:23,37,36,60411,16716.916666666668,210.5
2018-03-05 02:45:11,37,36,60412,16717.25,210.5
2018-03-05 03:00:13,37,36,60414,16717.583333333332,210.5
2018-03-05 03:15:13,37,36,60414,16717.916666666668,210.5
2018-03-05 03:30:14,37,36,60416,16717.916666666668,210.5
2018-03-05 03:45:13,37,36,60415,16718.0,210.5
2018-03-05 04:00:11,37,36,60416,16718.5,210.5
2018-03-05 04:15:13,37,36,60418,16718.583333333332,210.5
2018-03-05 04:30:11,37,36,60418,16718.666666666668,210.5
2018-03-05 04:45:12,37,36,60418,16719.0,210.5
2018-03-05 05:00:10,37,36,60417,16719.166666666668,210.5
2018-03-05 05:15:10,37,36,60419,16719.5,210.5
2018-03-05 05:30:11,37,36,60420,16719.75,210.5
2018-03-05 05:45:10,37,36,60424,16720.166666666668,210.5
2018-03-05 06:00:10,37,36,60424,16721.083333333332,210.5
2018-03-05 06:15:10,37,36,60425,16724.0,210.58333333333334
2018-03-05 06:30:11,37,36,60434,16728.833333333332,210.58333333333334
2018-03-05 06:45:10,37,36,60441,16735.916666666668,210.58333333333334
2018-03-05 07:00:10,37,36,60453,16744.666666666668,210.66666666666666
2018-03-05 07:15:12,37,36,60471,16754.416666666668,210.75
2018-03-05 07:30:11,37,36,60475,16761.416666666668,210.75
2018-03-05 07:45:09,37,37,60484,15886.583333333334,172.91666666666666
2018-03-05 08:00:09,37,37,60477,15972.083333333334,174.58333333333334
2018-03-05 08:15:09,37,37,60480,16014.166666666666,175.16666666666666
2018-03-05 08:30:09,37,37,60485,16049.666666666666,175.25
2018-03-05 08:45:09,37,37,60488,16079.833333333334,183.25
2018-03-05 09:00:09,37,37,60488,16113.583333333334,190.08333333333334
2018-03-05 09:15:10,37,37,60493,16145.416666666666,196.08333333333334
2018-03-05 09:30:10,37,37,60494,16173.916666666666,199.75
2018-03-05 09:45:11,37,37,60497,16204.416666666666,203.16666666666666
2018-03-05 10:00:12,37,37,60507,16229.166666666666,206.33333333333334
2018-03-05 10:15:10,37,37,60552,16259.583333333334,209.75
2018-03-05 10:30:10,37,37,60581,16282.333333333334,214.25
2018-03-05 10:45:11,37,37,60595,16307.666666666666,217.25
2018-03-05 11:00:10,37,37,60631,16327.25,219.83333333333334
2018-03-05 11:15:09,37,37,60645,16348.25,221.5
2018-03-05 11:30:09,37,37,60659,16370.166666666666,224.08333333333334
2018-03-05 11:45:10,37,37,60676,16394.083333333332,226.41666666666666
2018-03-05 12:00:10,37,37,60703,16416.083333333332,229.16666666666666
2018-03-05 12:15:10,37,37,60725,16442.75,232.0
2018-03-05 12:30:10,37,37,60751,16474.166666666668,235.75
2018-03-05 12:45:10,37,37,60778,16513.083333333332,240.25
2018-03-05 13:00:12,37,37,60800,16552.416666666668,243.58333333333334
2018-03-05 13:15:10,37,37,60826,16598.166666666668,247.66666666666666
2018-03-05 13:30:10,37,37,60850,16658.666666666668,253.58333333333334
2018-03-05 13:45:10,37,37,60886,16726.75,261.5833333333333
2018-03-05 14:00:10,37,37,60919,16790.416666666668,269.75
2018-03-05 14:15:09,37,37,60948,16854.083333333332,278.6666666666667
2018-03-05 14:30:11,37,37,60992,16913.333333333332,287.75
2018-03-05 14:45:11,37,37,61025,16970.666666666668,299.4166666666667
2018-03-05 15:00:10,37,37,61054,17022.5,308.5
2018-03-05 15:15:10,37,37,61098,17065.25,315.5
2018-03-05 15:30:11,37,37,61140,17116.333333333332,323.0833333333333
2018-03-05 15:45:11,37,37,61181,17166.5,330.75
2018-03-05 16:00:10,37,37,61214,17218.833333333332,337.6666666666667
2018-03-05 16:15:10,37,37,61259,17270.916666666668,345.3333333333333
2018-03-05 16:30:11,37,37,61289,17321.583333333332,352.25
2018-03-05 16:45:10,37,37,61330,17367.333333333332,359.5
2018-03-05 17:00:11,37,37,61366,17407.5,365.6666666666667
2018-03-05 17:15:10,37,37,61386,17447.0,371.0
2018-03-05 17:30:13,37,37,61416,17478.666666666668,376.6666666666667
2018-03-05 17:45:10,37,38,61442,16639.666666666668,382.9166666666667
2018-03-05 18:00:10,37,38,61471,16815.5,389.9166666666667
2018-03-05 18:15:10,37,38,61510,16952.083333333332,394.8333333333333
2018-03-05 18:45:10,37,38,61570,17169.333333333332,405.0
2018-03-05 19:00:11,37,38,61608,17261.583333333332,410.3333333333333
2018-03-05 19:15:10,37,38,61638,17352.583333333332,414.0
2018-03-05 19:30:11,37,38,61683,17431.083333333332,418.6666666666667
2018-03-05 19:45:10,37,38,61723,17512.916666666668,423.8333333333333
2018-03-05 20:00:14,37,38,61760,17587.75,426.8333333333333
2018-03-05 20:15:12,37,38,61806,17659.0,431.5
2018-03-05 20:30:11,37,38,61852,17724.166666666668,436.5833333333333
2018-03-05 20:45:10,37,38,61894,17787.666666666668,441.9166666666667
2018-03-05 21:00:10,37,38,61938,17849.166666666668,446.4166666666667
2018-03-05 21:15:10,37,38,61978,17904.5,449.4166666666667
2018-03-05 21:30:11,37,38,62005,17951.333333333332,452.0833333333333
2018-03-05 21:45:11,37,38,62052,17996.666666666668,454.9166666666667
2018-03-05 22:00:12,37,38,62087,18030.416666666668,457.3333333333333
2018-03-05 22:15:12,37,38,62111,18057.083333333332,458.4166666666667
2018-03-05 22:30:12,37,38,62145,18083.166666666668,459.75
2018-03-05 22:45:10,37,38,62172,18101.75,460.5833333333333
2018-03-05 23:00:11,37,38,62200,18117.416666666668,461.4166666666667
2018-03-05 23:15:10,37,38,62212,18126.583333333332,462.3333333333333
2018-03-05 23:30:12,37,38,62228,18133.666666666668,462.75
2018-03-05 23:45:11,37,38,62241,18139.0,463.0833333333333
2018-03-06 00:00:11,37,38,62248,18142.0,463.4166666666667
2018-03-06 00:15:11,37,38,62256,18145.583333333332,463.5833333333333
2018-03-06 00:30:15,37,38,62258,18147.25,463.5833333333333
2018-03-06 00:45:14,37,38,62263,18149.166666666668,464.0
2018-03-06 01:00:13,37,38,62266,18150.916666666668,464.0833333333333
2018-03-06 01:15:13,37,38,62269,18152.5,464.25
2018-03-06 01:30:12,37,38,62271,18153.666666666668,464.25
2018-03-06 01:45:13,37,38,62274,18155.166666666668,464.3333333333333
2018-03-06 02:00:14,37,38,62274,18155.833333333332,464.5
2018-03-06 02:15:12,37,38,62275,18156.416666666668,464.5
2018-03-06 02:30:13,37,38,62276,18156.916666666668,464.5833333333333
2018-03-06 02:45:11,37,38,62277,18157.416666666668,464.5833333333333
2018-03-06 03:00:15,37,38,62277,18158.333333333332,464.5833333333333
2018-03-06 03:15:10,37,38,62278,18158.583333333332,464.5833333333333
2018-03-06 03:30:11,37,38,62278,18159.166666666668,464.6666666666667
2018-03-06 03:45:10,37,38,62279,18159.583333333332,464.6666666666667
2018-03-06 04:00:11,37,38,62281,18160.166666666668,464.6666666666667
2018-03-06 04:15:11,37,38,62281,18160.25,464.6666666666667
2018-03-06 04:30:11,37,38,62281,18161.333333333332,464.6666666666667
2018-03-06 04:45:10,37,38,62281,18161.666666666668,464.6666666666667
2018-03-06 05:00:12,37,38,62281,18162.0,464.75
2018-03-06 05:15:10,37,38,62282,18162.583333333332,464.75
2018-03-06 05:30:11,37,38,62283,18163.333333333332,464.8333333333333
2018-03-06 05:45:10,37,38,62286,18164.75,465.0
2018-03-06 06:00:10,37,38,62286,18166.583333333332,465.1666666666667
2018-03-06 06:15:19,37,38,62285,18173.666666666668,465.5
2018-03-06 06:30:10,37,38,62293,18184.416666666668,466.25
2018-03-06 06:45:11,37,38,62300,18202.666666666668,467.4166666666667
2018-03-06 07:00:09,37,38,62313,18219.666666666668,468.8333333333333
2018-03-06 07:15:11,37,38,62320,18238.0,469.8333333333333
2018-03-06 07:30:10,37,38,62337,18257.25,470.4166666666667
2018-03-06 07:45:11,37,38,62342,18266.5,471.0833333333333
2018-03-06 08:00:10,37,39,62347,17097.833333333332,459.75
2018-03-06 08:15:10,37,39,62355,17187.25,462.0
2018-03-06 08:30:11,37,39,62360,17240.666666666668,463.3333333333333
2018-03-06 08:45:10,37,39,62364,17284.833333333332,464.0833333333333
2018-03-06 09:00:10,37,39,62367,17321.583333333332,464.1666666666667
2018-03-06 09:15:09,37,39,62376,17356.833333333332,464.3333333333333
2018-03-06 09:30:09,37,39,62387,17389.833333333332,464.75
2018-03-06 09:45:11,37,39,62389,17428.666666666668,465.0
2018-03-06 10:00:09,37,39,62394,17458.833333333332,465.1666666666667
2018-03-06 10:15:13,37,39,62403,17484.25,465.25
2018-03-06 10:30:09,37,39,62410,17504.916666666668,465.8333333333333
2018-03-06 10:45:10,37,39,62420,17528.25,466.25
2018-03-06 11:00:09,37,39,62426,17547.5,466.25
2018-03-06 11:15:10,37,39,62437,17565.083333333332,466.6666666666667
2018-03-06 11:30:10,37,39,62449,17586.166666666668,467.0
2018-03-06 11:45:10,37,39,62462,17607.166666666668,467.0
2018-03-06 12:00:11,37,39,62474,17631.75,467.4166666666667
2018-03-06 12:15:10,37,39,62482,17658.5,467.6666666666667
2018-03-06 12:30:10,37,39,62487,17686.416666666668,467.9166666666667
2018-03-06 12:45:09,37,39,62502,17719.083333333332,468.25
2018-03-06 13:00:10,37,39,62514,17757.416666666668,469.1666666666667
2018-03-06 13:15:11,37,39,62526,17801.5,469.75
2018-03-06 13:30:10,37,39,62540,17858.333333333332,470.3333333333333
2018-03-06 13:45:12,37,39,62572,17923.083333333332,471.4166666666667
2018-03-06 14:00:10,37,39,62594,17991.583333333332,472.0833333333333
2018-03-06 14:15:12,37,39,62621,18060.666666666668,472.6666666666667
2018-03-06 14:30:10,37,39,62642,18116.0,473.1666666666667
2018-03-06 14:45:11,37,39,62673,18169.666666666668,473.5833333333333
2018-03-06 15:00:11,37,39,62692,18216.166666666668,473.8333333333333
2018-03-06 15:15:11,37,39,62723,18263.333333333332,474.4166666666667
2018-03-06 15:30:10,37,39,62739,18309.333333333332,474.9166666666667
2018-03-06 15:45:09,37,39,62762,18358.666666666668,475.3333333333333
2018-03-06 16:00:09,37,39,62786,18410.666666666668,475.5833333333333
2018-03-06 16:15:10,37,39,62818,18460.75,476.0
2018-03-06 16:30:10,37,39,62843,18504.166666666668,476.1666666666667
2018-03-06 16:45:10,37,39,62868,18545.166666666668,476.6666666666667
2018-03-06 17:00:10,37,39,62897,18584.583333333332,476.8333333333333
2018-03-06 17:15:10,37,39,62928,18619.0,477.0833333333333
2018-03-06 17:30:10,37,39,62955,18656.916666666668,477.4166666666667
2018-03-06 17:45:11,37,39,62975,18687.5,477.4166666666667
2018-03-06 18:00:10,37,39,63007,18715.583333333332,477.6666666666667
2018-03-06 18:15:10,37,39,63052,18741.833333333332,477.75
2018-03-06 18:30:11,37,39,63097,18770.25,477.75
2018-03-06 18:45:10,37,39,63132,18799.0,478.0
2018-03-06 19:00:10,37,39,63175,18826.0,478.1666666666667
2018-03-06 19:15:11,37,39,63220,18850.083333333332,478.3333333333333
2018-03-06 19:30:09,37,39,63282,18883.583333333332,478.6666666666667
2018-03-06 19:45:09,37,39,63335,18908.916666666668,479.0
2018-03-06 20:00:11,37,39,63392,18939.666666666668,479.4166666666667
2018-03-06 20:15:10,37,39,63437,18968.583333333332,479.5833333333333
2018-03-06 20:30:10,37,39,63461,18992.833333333332,479.6666666666667
2018-03-06 20:45:10,37,39,63487,19014.666666666668,479.9166666666667
2018-03-06 21:00:11,37,39,63528,19038.416666666668,479.9166666666667
2018-03-06 21:15:10,37,39,63581,19061.083333333332,480.1666666666667
2018-03-06 21:30:10,37,39,63607,19079.5,480.0833333333333
2018-03-06 21:45:11,37,39,63642,19098.5,480.25
2018-03-06 22:00:11,37,39,63670,19114.083333333332,480.25
2018-03-06 22:15:09,37,39,63709,19127.333333333332,480.3333333333333
2018-03-06 22:30:10,37,39,63736,19138.666666666668,480.5
2018-03-06 22:45:11,37,39,63749,19146.416666666668,480.5833333333333
2018-03-06 23:00:10,37,39,63766,19153.916666666668,480.5833333333333
2018-03-06 23:15:10,37,39,63783,19157.75,480.5833333333333
2018-03-06 23:30:10,37,39,63792,19159.833333333332,480.5833333333333
2018-03-06 23:45:11,37,39,63798,19162.916666666668,480.5833333333333
2018-03-07 00:00:11,37,39,63811,19165.916666666668,480.5833333333333
2018-03-07 00:15:10,37,39,63820,19168.083333333332,480.5833333333333
2018-03-07 00:30:10,37,39,63827,19169.666666666668,480.5833333333333
2018-03-07 00:45:12,37,39,63831,19170.833333333332,480.5833333333333
2018-03-07 01:00:10,37,39,63832,19171.583333333332,480.5833333333333
2018-03-07 01:17:13,37,39,63836,19172.0,480.5833333333333
2018-03-07 01:30:11,37,39,63838,19172.083333333332,480.5833333333333
2018-03-07 01:45:10,37,39,63839,19172.583333333332,480.5833333333333
2018-03-07 02:00:12,37,39,63838,19172.916666666668,480.5833333333333
2018-03-07 02:15:12,37,39,63829,19173.666666666668,480.5833333333333
2018-03-07 02:30:11,37,39,63830,19174.083333333332,480.5833333333333
2018-03-07 02:45:11,37,39,63832,19174.416666666668,480.5833333333333
2018-03-07 03:00:11,37,39,63832,19175.083333333332,480.5833333333333
2018-03-07 03:15:12,37,39,63834,19175.5,480.5833333333333
2018-03-07 03:30:19,37,39,63833,19175.666666666668,480.5833333333333
2018-03-07 03:45:12,37,39,63834,19176.083333333332,480.5833333333333
2018-03-07 04:00:12,37,39,63834,19176.25,480.5833333333333
2018-03-07 04:15:11,37,39,63835,19176.25,480.5833333333333
2018-03-07 04:30:11,37,39,63836,19176.25,480.5833333333333
2018-03-07 04:45:10,37,39,63836,19176.583333333332,480.5833333333333
2018-03-07 05:00:10,37,39,63836,19176.666666666668,480.5833333333333
2018-03-07 05:15:10,37,39,63837,19177.0,480.5833333333333
2018-03-07 05:30:10,37,39,63838,19178.666666666668,480.5833333333333
2018-03-07 05:45:11,37,39,63842,19179.916666666668,480.5833333333333
2018-03-07 06:00:11,37,39,63845,19181.666666666668,480.5833333333333
2018-03-07 06:15:11,37,39,63851,19186.083333333332,480.5833333333333
2018-03-07 06:30:11,37,39,63852,19192.333333333332,480.5833333333333
2018-03-07 06:45:10,37,39,63855,19201.0,480.6666666666667
2018-03-07 07:00:11,37,39,63862,19210.583333333332,480.75
2018-03-07 07:15:11,37,39,63872,19218.75,480.75
2018-03-07 07:30:10,37,39,63885,19227.583333333332,480.8333333333333
2018-03-07 07:45:09,37,39,63894,19233.166666666668,480.8333333333333
2018-03-07 08:00:10,47,39,63907,19238.0,480.9166666666667
2018-03-07 08:15:09,49,39,63914,19241.583333333332,480.9166666666667
2018-03-07 08:30:09,49,39,63915,19244.0,480.9166666666667
2018-03-07 08:45:10,49,39,63916,19247.166666666668,480.9166666666667
2018-03-07 09:00:09,49,39,63923,19250.916666666668,480.9166666666667
2018-03-07 09:15:10,49,40,63929,18143.666666666668,478.0
2018-03-07 09:30:10,49,40,63925,18200.583333333332,478.8333333333333
2018-03-07 09:45:10,49,40,63925,18245.333333333332,479.25
2018-03-07 10:00:10,49,40,63927,18277.583333333332,479.6666666666667
2018-03-07 10:15:10,49,40,63933,18302.916666666668,479.8333333333333
2018-03-07 10:30:09,49,40,63936,18331.25,480.0
2018-03-07 10:45:09,49,40,63946,18357.0,480.25
2018-03-07 11:00:09,49,40,63952,18378.666666666668,480.4166666666667
2018-03-07 11:15:09,49,40,63960,18398.0,480.4166666666667
2018-03-07 11:30:10,49,40,63967,18420.75,480.5833333333333
2018-03-07 11:45:09,49,40,63978,18445.0,480.6666666666667
2018-03-07 12:00:10,49,40,63991,18470.083333333332,480.75
2018-03-07 12:15:10,49,40,63998,18501.333333333332,480.8333333333333
2018-03-07 12:30:10,49,40,64001,18529.833333333332,481.0
2018-03-07 12:45:10,49,40,64017,18567.0,481.1666666666667
2018-03-07 13:00:10,49,40,64031,18606.0,481.6666666666667
2018-03-07 13:15:10,49,40,64052,18648.25,482.0
2018-03-07 13:30:10,49,40,64069,18701.083333333332,482.25
2018-03-07 13:45:09,49,40,64092,18756.833333333332,482.5
2018-03-07 14:00:10,49,40,64118,18822.166666666668,482.9166666666667
2018-03-07 14:15:10,49,40,64152,18882.333333333332,483.4166666666667
2018-03-07 14:30:14,49,40,64177,18941.583333333332,483.8333333333333
2018-03-07 14:45:12,49,40,64191,18998.166666666668,484.1666666666667
2018-03-07 15:00:13,49,40,64201,19044.916666666668,484.6666666666667
2018-03-07 15:15:13,49,40,64214,19089.75,485.5833333333333
2018-03-07 15:30:40,49,40,64221,19135.0,486.0
2018-03-07 15:45:40,49,40,64252,19183.083333333332,486.1666666666667
2018-03-07 16:00:17,49,40,64275,19226.083333333332,486.1666666666667
2018-03-07 16:15:13,49,40,64286,19272.833333333332,486.3333333333333
2018-03-07 16:30:14,49,40,64317,19321.25,486.5833333333333
2018-03-07 16:45:17,49,40,64339,19368.25,487.0833333333333
2018-03-07 17:00:14,49,40,64371,19404.666666666668,487.1666666666667
2018-03-07 17:15:12,49,40,64394,19439.916666666668,487.5833333333333
2018-03-07 17:30:14,49,40,64423,19472.166666666668,487.6666666666667
2018-03-07 17:45:09,49,40,64449,19502.583333333332,487.8333333333333
2018-03-07 18:00:09,49,40,64529,19537.416666666668,488.0
2018-03-07 18:15:10,49,40,64588,19566.333333333332,488.1666666666667
2018-03-07 18:30:10,49,40,64634,19594.833333333332,488.1666666666667
2018-03-07 18:45:09,49,40,64679,19617.416666666668,488.4166666666667
2018-03-07 19:00:12,49,40,64727,19644.833333333332,488.5833333333333
2018-03-07 19:15:10,49,40,64769,19674.916666666668,488.75
2018-03-07 19:30:11,49,40,64790,19701.5,489.25
2018-03-07 19:45:09,49,40,64825,19730.75,489.75
2018-03-07 20:00:09,49,40,64866,19758.916666666668,489.8333333333333
2018-03-07 20:15:10,49,41,64905,18454.0,484.6666666666667
2018-03-07 20:30:10,49,41,64932,18752.833333333332,490.25
2018-03-07 20:45:09,49,41,64955,18945.833333333332,493.25
2018-03-07 21:00:09,49,41,64982,19109.5,495.0833333333333
2018-03-07 21:15:10,49,41,65007,19224.916666666668,496.6666666666667
2018-03-07 21:30:10,49,41,65037,19330.0,497.9166666666667
2018-03-07 21:45:09,49,41,65080,19419.916666666668,498.6666666666667
2018-03-07 22:00:11,49,41,65115,19487.75,498.9166666666667
2018-03-07 22:15:10,49,41,65132,19547.583333333332,499.25
2018-03-07 22:30:10,49,41,65153,19591.666666666668,499.3333333333333
2018-03-07 22:45:10,49,41,65180,19625.25,499.5
2018-03-07 23:00:10,49,41,65186,19653.333333333332,499.5833333333333
2018-03-07 23:15:10,49,41,65200,19673.166666666668,499.75
2018-03-07 23:30:31,49,41,65210,19685.416666666668,500.1666666666667
2018-03-07 23:45:11,49,41,65214,19696.75,500.1666666666667
2018-03-08 00:00:10,49,41,65213,19702.666666666668,500.1666666666667
2018-03-08 00:15:09,49,41,65216,19709.083333333332,500.1666666666667
2018-03-08 00:30:10,49,41,65222,19715.0,500.25
2018-03-08 00:45:12,49,41,65229,19718.25,500.25
2018-03-08 01:00:10,49,41,65233,19720.416666666668,500.25
2018-03-08 01:15:10,49,41,65236,19721.583333333332,500.25
2018-03-08 01:30:11,49,41,65236,19722.25,500.25
2018-03-08 01:45:11,49,41,65237,19723.0,500.3333333333333
2018-03-08 02:00:11,49,41,65237,19723.583333333332,500.3333333333333
2018-03-08 02:15:13,49,41,65232,19724.416666666668,500.3333333333333
2018-03-08 02:30:14,49,41,65233,19725.333333333332,500.3333333333333
2018-03-08 02:45:11,49,41,65233,19725.75,500.3333333333333
2018-03-08 03:00:12,49,41,65230,19726.333333333332,500.3333333333333
2018-03-08 03:15:11,49,41,65230,19726.5,500.3333333333333
2018-03-08 03:30:11,49,41,65231,19727.0,500.4166666666667
2018-03-08 03:45:11,49,41,65231,19727.333333333332,500.4166666666667
2018-03-08 04:00:11,49,41,65232,19727.833333333332,500.4166666666667
2018-03-08 04:15:11,49,41,65236,19728.25,500.4166666666667
2018-03-08 04:30:10,49,41,65237,19728.666666666668,500.4166666666667
2018-03-08 04:45:48,49,41,65237,19729.166666666668,500.4166666666667
2018-03-08 05:00:12,49,41,65237,19729.916666666668,500.4166666666667
2018-03-08 05:15:11,49,41,65235,19731.25,500.4166666666667
2018-03-08 05:30:10,49,41,65235,19733.166666666668,500.4166666666667
2018-03-08 05:45:11,49,41,65232,19736.25,500.4166666666667
2018-03-08 06:00:11,49,41,65234,19740.5,500.4166666666667
2018-03-08 06:15:10,49,41,65234,19750.416666666668,500.6666666666667
2018-03-08 06:30:09,49,42,65239,18399.25,496.0
2018-03-08 06:45:10,49,42,65242,18551.083333333332,497.5
2018-03-08 07:00:10,49,42,65237,18704.0,498.0833333333333
2018-03-08 07:15:09,49,42,65245,18832.166666666668,498.5833333333333
2018-03-08 07:30:10,49,42,65252,18927.583333333332,499.0
2018-03-08 07:45:10,49,42,65251,18986.75,499.5
2018-03-08 08:00:10,49,42,65258,19023.666666666668,499.75
2018-03-08 08:15:10,49,42,65267,19056.333333333332,499.9166666666667
2018-03-08 08:30:10,49,42,65269,19080.083333333332,500.0
2018-03-08 08:45:11,49,42,65273,19107.166666666668,500.0
2018-03-08 09:00:10,49,42,65276,19128.25,500.25
2018-03-08 09:15:10,49,42,65279,19151.083333333332,500.6666666666667
2018-03-08 09:30:09,49,42,65278,19169.25,501.0
2018-03-08 09:45:09,49,42,65279,19188.75,501.0
2018-03-08 10:00:09,49,42,65288,19204.916666666668,501.3333333333333
2018-03-08 10:15:09,49,42,65293,19218.666666666668,501.3333333333333
2018-03-08 10:30:09,49,42,65298,19235.666666666668,501.5
2018-03-08 10:45:10,49,42,65300,19249.416666666668,501.5833333333333
2018-03-08 11:00:10,49,42,65308,19263.0,501.5833333333333
2018-03-08 11:15:10,49,42,65313,19274.166666666668,501.6666666666667
2018-03-08 11:30:10,49,42,65318,19287.25,501.8333333333333
2018-03-08 11:45:11,49,42,65326,19299.333333333332,501.9166666666667
2018-03-08 12:00:10,49,42,65330,19311.833333333332,502.0833333333333
2018-03-08 12:15:10,49,42,65338,19326.166666666668,502.0833333333333
2018-03-08 12:30:10,49,42,65348,19341.0,502.1666666666667
2018-03-08 12:45:10,49,42,65353,19358.75,502.3333333333333
2018-03-08 13:00:10,49,42,65362,19378.75,502.5833333333333
2018-03-08 13:15:10,49,42,65371,19398.0,502.5833333333333
2018-03-08 13:30:10,49,42,65385,19425.083333333332,502.5833333333333
2018-03-08 13:45:10,49,42,65392,19453.333333333332,502.5833333333333
2018-03-08 14:00:11,49,42,65409,19485.916666666668,502.75
2018-03-08 14:15:10,49,42,65425,19516.416666666668,503.0
2018-03-08 14:30:10,49,42,65447,19544.75,503.25
2018-03-08 14:45:11,49,42,65460,19575.0,503.4166666666667
2018-03-08 15:00:11,49,42,65474,19604.833333333332,503.5833333333333
2018-03-08 15:15:11,49,42,65493,19628.916666666668,504.0833333333333
2018-03-08 15:30:11,49,42,65505,19654.916666666668,504.25
2018-03-08 15:45:10,49,42,65522,19681.916666666668,504.4166666666667
2018-03-08 16:00:10,49,42,65538,19711.166666666668,504.6666666666667
2018-03-08 16:15:11,49,43,65564,17708.75,460.0
2018-03-08 16:30:10,49,43,65571,17926.333333333332,463.9166666666667
2018-03-08 16:45:11,49,43,65590,18073.083333333332,466.0
2018-03-08 17:00:11,49,43,65599,18193.5,468.0
2018-03-08 17:15:10,49,43,65614,18290.416666666668,468.9166666666667
2018-03-08 17:30:10,49,43,65647,18378.416666666668,469.5833333333333
2018-03-08 17:45:10,49,43,65665,18455.583333333332,470.5833333333333
2018-03-08 18:00:10,49,43,65686,18527.666666666668,471.6666666666667
2018-03-08 18:15:10,49,43,65710,18591.916666666668,472.25
2018-03-08 18:30:11,49,43,65738,18653.666666666668,472.5
2018-03-08 18:45:10,49,43,65745,18708.75,472.75
2018-03-08 19:00:10,49,43,65766,18757.25,473.4166666666667
2018-03-08 19:15:10,49,43,65781,18811.166666666668,474.0
2018-03-08 19:30:10,49,43,65802,18860.583333333332,474.5
2018-03-08 19:45:09,49,43,65824,18905.416666666668,474.75
2018-03-08 20:00:10,49,43,65849,18959.333333333332,475.25
2018-03-08 20:15:13,49,43,65872,19003.25,475.6666666666667
2018-03-08 20:30:10,49,43,65965,19041.25,476.1666666666667
2018-03-08 20:45:10,49,43,66077,19106.333333333332,477.3333333333333
2018-03-08 21:00:11,49,44,66300,17681.583333333332,475.1666666666667
2018-03-08 21:15:11,49,44,66458,18144.75,484.5
2018-03-08 21:30:12,49,44,66581,18369.333333333332,485.9166666666667
2018-03-08 21:45:11,49,45,66804,17477.333333333332,481.0833333333333
2018-03-08 22:00:10,49,45,66950,17726.75,482.6666666666667
2018-03-08 22:15:09,49,46,67155,16808.083333333332,476.9166666666667
2018-03-08 22:30:10,49,46,67309,17195.166666666668,482.1666666666667
2018-03-08 22:45:10,49,46,67589,17542.416666666668,486.3333333333333
2018-03-08 23:00:10,49,46,67725,17724.916666666668,487.6666666666667
2018-03-08 23:15:10,49,46,67818,17836.833333333332,488.5833333333333
2018-03-08 23:30:10,49,46,67873,17909.416666666668,488.9166666666667
2018-03-08 23:45:10,49,46,67925,17953.5,489.5
2018-03-09 00:00:10,49,46,67964,17991.333333333332,492.1666666666667
2018-03-09 00:15:11,49,46,67982,18018.583333333332,492.5
2018-03-09 00:30:10,49,46,68005,18034.416666666668,493.25
2018-03-09 00:45:11,49,46,68025,18046.833333333332,493.25
2018-03-09 01:00:11,49,46,68038,18058.083333333332,493.3333333333333
2018-03-09 01:15:10,49,46,68045,18063.5,493.4166666666667
2018-03-09 01:30:11,49,46,68055,18070.416666666668,493.5
2018-03-09 01:45:11,49,46,68061,18073.416666666668,493.5833333333333
2018-03-09 02:00:11,49,46,68062,18076.416666666668,493.5833333333333
2018-03-09 02:15:11,49,46,68050,18078.5,493.6666666666667
2018-03-09 02:30:12,49,46,68054,18080.25,493.75
2018-03-09 02:45:13,49,46,68059,18082.583333333332,493.75
2018-03-09 03:00:13,49,46,68062,18085.0,493.75
2018-03-09 03:15:11,49,46,68065,18087.666666666668,493.75
2018-03-09 03:30:11,49,46,68070,18089.416666666668,493.8333333333333
2018-03-09 03:45:10,49,46,68072,18091.5,493.8333333333333
2018-03-09 04:00:11,49,46,68075,18092.5,493.8333333333333
2018-03-09 04:15:11,49,46,68074,18094.166666666668,493.8333333333333
2018-03-09 04:30:11,49,46,68074,18095.666666666668,493.8333333333333
2018-03-09 04:45:11,49,46,68079,18097.333333333332,493.8333333333333
2018-03-09 05:00:11,49,46,68080,18099.833333333332,493.8333333333333
2018-03-09 05:15:11,49,46,68083,18105.166666666668,493.8333333333333
2018-03-09 05:30:11,49,46,68084,18113.666666666668,493.9166666666667
2018-03-09 05:45:11,49,46,68088,18132.583333333332,493.9166666666667
2018-03-09 06:00:11,49,46,68096,18164.75,494.0833333333333
2018-03-09 06:15:10,49,46,68112,18237.25,494.4166666666667
2018-03-09 06:30:11,49,46,68133,18344.0,495.1666666666667
2018-03-09 06:45:10,49,46,68171,18481.916666666668,496.0833333333333
2018-03-09 07:00:10,49,47,68200,16947.75,476.8333333333333
2018-03-09 07:15:10,49,47,68225,17239.583333333332,477.75
2018-03-09 07:30:11,49,47,68269,17440.5,478.9166666666667
2018-03-09 07:45:12,49,47,68299,17573.0,479.25
2018-03-09 08:00:11,49,47,68325,17652.25,479.5
2018-03-09 08:15:11,49,47,68348,17711.583333333332,479.6666666666667
2018-03-09 08:30:10,49,47,68373,17771.583333333332,480.0
2018-03-09 08:45:11,49,47,68399,17827.916666666668,480.4166666666667
2018-03-09 09:00:10,49,47,68425,17874.0,480.5
2018-03-09 09:15:11,49,47,68446,17923.583333333332,480.5833333333333
2018-03-09 09:30:10,49,47,68476,17976.083333333332,481.25
2018-03-09 09:45:10,49,47,68495,18021.583333333332,481.3333333333333
2018-03-09 10:00:10,49,47,68517,18067.416666666668,481.6666666666667
2018-03-09 10:15:11,49,47,68530,18106.25,481.6666666666667
2018-03-09 10:30:10,49,47,68558,18139.333333333332,481.6666666666667
2018-03-09 10:45:10,49,47,68586,18175.916666666668,482.0
2018-03-09 11:00:10,49,47,68614,18210.333333333332,482.1666666666667
2018-03-09 11:15:10,49,47,68635,18243.083333333332,482.0
2018-03-09 11:30:09,49,47,68654,18276.5,482.0833333333333
2018-03-09 11:45:10,49,47,68686,18314.25,482.4166666666667
2018-03-09 12:00:10,49,47,68710,18348.333333333332,482.5
2018-03-09 12:15:14,49,47,68737,18392.75,482.6666666666667
2018-03-09 12:30:14,49,47,68767,18440.0,482.9166666666667
2018-03-09 12:45:16,49,47,68800,18498.166666666668,483.0
2018-03-09 13:00:14,49,47,68839,18562.833333333332,483.1666666666667
2018-03-09 13:15:16,49,47,68899,18632.666666666668,483.3333333333333
2018-03-09 13:30:19,49,47,68948,18724.833333333332,484.3333333333333
2018-03-09 13:45:17,49,47,69005,18827.333333333332,484.5833333333333
2018-03-09 14:00:12,49,47,69065,18939.166666666668,484.75
2018-03-09 14:15:12,49,47,69138,19059.916666666668,484.9166666666667
2018-03-09 14:30:11,49,47,69213,19171.416666666668,485.0
2018-03-09 14:45:09,49,47,69289,19272.166666666668,485.0833333333333
2018-03-09 15:00:10,49,48,69346,17564.75,469.5833333333333
2018-03-09 15:15:10,49,48,69408,17782.916666666668,471.1666666666667
2018-03-09 15:30:10,49,48,69457,17965.833333333332,472.1666666666667
2018-03-09 15:45:10,49,48,69530,18126.083333333332,473.3333333333333
2018-03-09 16:00:10,49,48,69593,18270.0,473.8333333333333
2018-03-09 16:15:10,49,48,69657,18389.333333333332,474.75
2018-03-09 16:30:11,49,48,69707,18508.666666666668,475.1666666666667
2018-03-09 16:45:10,49,48,69775,18618.083333333332,476.0833333333333
2018-03-09 17:00:10,49,48,69837,18723.166666666668,476.1666666666667
2018-03-09 17:15:11,49,48,69890,18821.25,476.4166666666667
2018-03-09 17:30:12,49,48,69937,18908.833333333332,476.5833333333333
2018-03-09 17:45:10,49,48,69993,18991.583333333332,477.0833333333333
2018-03-09 18:00:09,49,48,70041,19067.583333333332,477.5833333333333
2018-03-09 18:15:12,49,48,70101,19145.5,478.0
2018-03-09 18:30:10,49,48,70145,19220.083333333332,478.4166666666667
2018-03-09 18:45:10,49,48,70184,19302.25,479.0833333333333
2018-03-09 19:00:10,49,48,70225,19378.75,479.9166666666667
2018-03-09 19:15:10,49,48,70269,19460.75,480.25
2018-03-09 19:30:11,49,48,70319,19532.0,480.6666666666667
2018-03-09 19:45:10,49,48,70382,19605.333333333332,480.9166666666667
2018-03-09 20:00:10,49,48,70443,19677.5,481.1666666666667
2018-03-09 20:15:11,49,48,70491,19746.25,481.3333333333333
2018-03-09 20:30:12,49,48,70546,19800.25,481.5
2018-03-09 20:45:10,49,48,70598,19866.583333333332,481.75
2018-03-09 21:00:11,49,48,70675,19937.833333333332,481.8333333333333
2018-03-09 21:15:10,49,48,70714,20000.916666666668,482.25
2018-03-09 21:30:10,49,48,70773,20064.166666666668,482.6666666666667
2018-03-09 21:45:12,49,48,70840,20118.166666666668,482.6666666666667
2018-03-09 22:00:28,49,48,70894,20176.833333333332,482.75
2018-03-09 22:15:26,49,48,70937,20229.333333333332,482.9166666666667
2018-03-09 22:30:42,49,48,70990,20282.25,483.0
2018-03-09 22:45:25,49,48,71066,20327.25,483.4166666666667
2018-03-09 23:00:31,49,48,71133,20370.166666666668,483.5
2018-03-09 23:15:24,49,48,71181,20410.666666666668,483.5833333333333
2018-03-09 23:30:19,49,48,71215,20444.416666666668,483.5833333333333
2018-03-09 23:45:22,49,48,71240,20470.416666666668,483.6666666666667
2018-03-10 00:00:17,49,48,71261,20491.666666666668,483.8333333333333
2018-03-10 00:15:14,49,48,71277,20510.0,483.8333333333333
2018-03-10 00:30:16,49,48,71287,20521.75,483.8333333333333
2018-03-10 00:45:16,49,48,71303,20532.75,483.8333333333333
2018-03-10 01:00:14,49,48,71315,20541.916666666668,483.8333333333333
2018-03-10 01:15:18,49,48,71323,20550.833333333332,484.0
2018-03-10 01:30:14,49,48,71332,20555.583333333332,484.0
2018-03-10 01:45:13,49,48,71334,20558.583333333332,484.0833333333333
2018-03-10 02:00:15,49,48,71336,20561.916666666668,484.0833333333333
2018-03-10 02:15:16,49,48,71339,20565.25,484.0833333333333
2018-03-10 02:30:20,49,48,71339,20566.916666666668,484.0833333333333
2018-03-10 02:45:16,49,48,71340,20568.833333333332,484.0833333333333
2018-03-10 03:00:23,49,48,71341,20569.666666666668,484.0833333333333
2018-03-10 03:15:23,49,48,71345,20571.416666666668,484.0833333333333
2018-03-10 03:30:23,49,48,71347,20573.5,484.0833333333333
2018-03-10 03:45:20,49,48,71348,20574.333333333332,484.0833333333333
2018-03-10 04:00:14,49,48,71348,20575.083333333332,484.0833333333333
2018-03-10 04:15:13,49,48,71348,20575.416666666668,484.0833333333333
2018-03-10 04:30:13,49,48,71351,20576.416666666668,484.0833333333333
2018-03-10 04:45:14,49,48,71351,20577.083333333332,484.0833333333333
2018-03-10 05:00:13,49,48,71351,20577.916666666668,484.0833333333333
2018-03-10 05:15:23,49,48,71353,20578.333333333332,484.0833333333333
2018-03-10 05:30:12,49,48,71352,20579.833333333332,484.0833333333333
2018-03-10 05:45:13,49,48,71355,20581.083333333332,484.0833333333333
2018-03-10 06:00:14,49,48,71356,20582.25,484.0833333333333
2018-03-10 06:15:12,49,48,71359,20584.25,484.0833333333333
2018-03-10 06:30:15,49,48,71362,20586.0,484.0833333333333
2018-03-10 06:45:14,49,48,71364,20590.166666666668,484.0833333333333
2018-03-10 07:00:12,49,48,71373,20595.083333333332,484.25
2018-03-10 07:15:12,49,48,71384,20602.166666666668,484.25
2018-03-10 07:30:12,49,48,71393,20613.833333333332,484.25
2018-03-10 07:45:12,49,48,71407,20628.833333333332,484.25
2018-03-10 08:00:12,49,48,71432,20650.583333333332,484.3333333333333
2018-03-10 08:15:12,49,48,71449,20676.75,484.5
2018-03-10 08:30:12,49,48,71473,20702.416666666668,484.5833333333333
2018-03-10 08:45:11,49,48,71501,20731.416666666668,484.5833333333333
2018-03-10 09:00:12,49,48,71536,20760.0,484.75
2018-03-10 09:15:12,49,48,71569,20792.5,484.8333333333333
2018-03-10 09:30:11,49,48,71612,20823.333333333332,485.0
2018-03-10 09:45:11,49,48,71647,20852.5,485.0833333333333
2018-03-10 10:00:11,49,48,71681,20878.333333333332,485.0833333333333
2018-03-10 10:15:11,49,48,71721,20904.75,485.0833333333333
2018-03-10 10:30:13,49,48,71769,20930.916666666668,485.25
2018-03-10 10:45:12,49,48,71794,20957.916666666668,485.3333333333333
2018-03-10 11:00:11,49,49,71844,19302.333333333332,243.66666666666666
2018-03-10 11:15:11,49,49,71886,19463.166666666668,244.5
2018-03-10 11:30:11,49,49,71927,19574.25,244.66666666666666
2018-03-10 11:45:13,49,49,71987,19677.25,245.16666666666666
2018-03-10 12:00:11,49,49,72045,19758.75,245.5
2018-03-10 12:15:12,49,49,72088,19838.416666666668,246.0
2018-03-10 12:30:12,49,49,72132,19910.0,246.5
2018-03-10 12:45:12,49,49,72172,19969.416666666668,246.83333333333334
2018-03-10 13:00:11,49,49,72215,20029.333333333332,247.58333333333334
2018-03-10 13:15:11,49,49,72251,20089.833333333332,247.66666666666666
2018-03-10 13:30:11,49,49,72283,20143.583333333332,248.0
2018-03-10 13:45:11,49,49,72328,20192.083333333332,248.16666666666666
2018-03-10 14:00:11,49,49,72376,20238.833333333332,248.41666666666666
2018-03-10 14:15:11,49,49,72413,20273.666666666668,248.66666666666666
2018-03-10 14:30:13,49,49,72445,20309.583333333332,249.0
2018-03-10 14:45:12,49,49,72479,20343.5,249.08333333333334
2018-03-10 15:00:13,49,49,72513,20374.083333333332,249.08333333333334
2018-03-10 15:15:12,49,49,72552,20409.166666666668,249.16666666666666
2018-03-10 15:30:13,49,49,72585,20436.916666666668,249.33333333333334
2018-03-10 15:45:13,49,49,72612,20467.75,249.41666666666666
2018-03-10 16:00:13,49,49,72649,20499.333333333332,249.5
2018-03-10 16:15:13,49,49,72694,20526.416666666668,249.5
2018-03-10 16:30:12,49,49,72751,20555.75,249.75
2018-03-10 16:45:11,49,49,72783,20582.083333333332,249.75
2018-03-10 17:00:28,49,49,72815,20610.333333333332,249.91666666666666
2018-03-10 17:15:14,49,49,72851,20636.25,250.25
2018-03-10 17:30:15,49,49,72870,20669.666666666668,250.58333333333334
2018-03-10 17:45:12,49,49,72896,20695.583333333332,251.0
2018-03-10 18:00:13,49,49,72940,20724.666666666668,251.08333333333334
2018-03-10 18:15:10,49,49,72971,20751.25,251.25
2018-03-10 18:30:10,49,49,73010,20775.666666666668,251.33333333333334
2018-03-10 18:45:13,49,49,73039,20803.083333333332,251.33333333333334
2018-03-10 19:00:11,49,49,73073,20831.583333333332,251.5
2018-03-10 19:15:10,49,49,73098,20856.75,251.5
2018-03-10 19:30:10,49,49,73153,20883.166666666668,251.58333333333334
2018-03-10 19:45:10,49,49,73205,20913.333333333332,251.83333333333334
2018-03-10 20:00:10,49,49,73241,20940.0,251.83333333333334
2018-03-10 20:15:11,49,49,73287,20966.166666666668,251.91666666666666
2018-03-10 20:30:11,49,49,73346,20990.75,251.91666666666666
2018-03-10 20:45:10,49,49,73392,21011.5,252.0
2018-03-10 21:00:10,49,49,73434,21030.916666666668,252.33333333333334
2018-03-10 21:15:10,49,49,73475,21053.666666666668,252.58333333333334
2018-03-10 21:30:10,49,49,73508,21079.333333333332,252.66666666666666
2018-03-10 21:45:12,49,49,73551,21106.666666666668,252.83333333333334
2018-03-10 22:00:12,49,49,73582,21130.833333333332,253.08333333333334
2018-03-10 22:15:10,49,49,73628,21153.0,253.41666666666666
2018-03-10 22:30:09,49,49,73669,21173.083333333332,253.66666666666666
2018-03-10 22:45:12,49,49,73713,21196.583333333332,254.16666666666666
2018-03-10 23:00:12,49,49,73748,21216.916666666668,254.41666666666666
2018-03-10 23:15:12,49,49,73786,21237.583333333332,254.58333333333334
2018-03-10 23:30:15,49,49,73810,21254.833333333332,254.75
2018-03-10 23:45:13,49,49,73839,21271.416666666668,254.83333333333334
2018-03-11 00:00:12,49,49,73870,21283.5,254.91666666666666
2018-03-11 00:15:12,49,49,73889,21291.75,255.08333333333334
2018-03-11 00:30:12,49,49,73902,21299.25,255.16666666666666
2018-03-11 00:45:14,49,49,73919,21305.5,255.33333333333334
2018-03-11 01:00:11,49,49,73923,21310.833333333332,255.5
2018-03-11 01:15:12,49,49,73933,21314.666666666668,255.5
2018-03-11 01:30:10,49,49,73939,21319.5,255.5
2018-03-11 01:45:14,49,49,73952,21323.833333333332,255.5
2018-03-11 02:00:12,49,49,73963,21325.25,255.5
2018-03-11 02:15:12,49,49,73948,21327.5,255.5
2018-03-11 02:30:12,49,49,73952,21328.75,255.5
2018-03-11 02:45:13,49,49,73952,21329.916666666668,255.5
2018-03-11 03:00:12,49,49,73954,21330.75,255.5
2018-03-11 03:15:15,49,49,73959,21331.75,255.5
2018-03-11 03:30:14,49,49,73962,21333.75,255.5
2018-03-11 03:45:13,49,49,73964,21334.666666666668,255.5
2018-03-11 04:00:14,49,49,73965,21335.0,255.58333333333334
2018-03-11 04:15:13,49,49,73966,21335.416666666668,255.58333333333334
2018-03-11 04:30:12,49,49,73967,21335.583333333332,255.58333333333334
2018-03-11 04:45:13,49,49,73970,21335.916666666668,255.58333333333334
2018-03-11 05:00:11,49,49,73971,21336.083333333332,255.58333333333334
2018-03-11 05:15:12,49,49,73972,21336.666666666668,255.58333333333334
2018-03-11 05:30:11,49,49,73974,21336.75,255.58333333333334
2018-03-11 05:45:12,49,49,73974,21337.0,255.58333333333334
2018-03-11 06:00:12,49,49,73976,21337.416666666668,255.58333333333334
2018-03-11 06:15:13,49,49,73976,21337.583333333332,255.58333333333334
2018-03-11 06:30:12,49,49,73979,21338.083333333332,255.58333333333334
2018-03-11 06:45:12,49,49,73982,21339.25,255.66666666666666
2018-03-11 07:00:12,49,49,73981,21340.083333333332,255.66666666666666
2018-03-11 07:15:11,49,49,73986,21343.833333333332,255.66666666666666
2018-03-11 07:30:11,49,49,73992,21345.833333333332,255.66666666666666
2018-03-11 07:45:10,49,49,74005,21350.5,255.66666666666666
2018-03-11 08:00:11,49,49,74015,21356.083333333332,255.66666666666666
2018-03-11 08:15:10,49,49,74022,21361.333333333332,255.66666666666666
2018-03-11 08:30:10,49,49,74037,21372.333333333332,255.75
2018-03-11 08:45:11,49,49,74056,21381.583333333332,255.75
2018-03-11 09:00:10,49,49,74076,21391.5,255.75
2018-03-11 09:15:11,49,49,74094,21404.75,255.75
2018-03-11 09:30:10,49,49,74114,21419.333333333332,255.75
2018-03-11 09:45:10,49,49,74137,21431.416666666668,255.75
2018-03-11 10:00:10,49,49,74161,21445.416666666668,255.91666666666666
2018-03-11 10:15:10,49,49,74188,21456.75,256.0
2018-03-11 10:30:10,49,49,74216,21468.0,256.0
2018-03-11 10:45:10,49,49,74237,21479.083333333332,256.0
2018-03-11 11:00:09,49,49,74269,21490.333333333332,256.0833333333333
2018-03-11 11:15:11,49,49,74298,21500.083333333332,256.1666666666667
2018-03-11 11:30:10,49,49,74332,21509.416666666668,256.4166666666667
2018-03-11 11:45:11,49,49,74364,21519.583333333332,256.5
2018-03-11 12:00:10,49,49,74389,21527.333333333332,256.5
2018-03-11 12:15:10,49,49,74421,21536.75,256.5
2018-03-11 12:30:10,49,49,74454,21548.25,256.6666666666667
2018-03-11 12:45:10,49,50,74475,19830.0,198.75
2018-03-11 13:00:10,49,50,74499,19971.166666666668,198.83333333333334
2018-03-11 13:15:11,49,50,74534,20066.583333333332,198.91666666666666
2018-03-11 13:30:11,49,50,74553,20139.083333333332,198.83333333333334
2018-03-11 13:45:09,49,50,74585,20198.75,198.91666666666666
2018-03-11 14:00:10,49,50,74616,20251.75,199.16666666666666
2018-03-11 14:15:10,49,50,74649,20294.0,199.41666666666666
2018-03-11 14:30:11,49,50,74676,20336.0,199.5
2018-03-11 14:45:11,49,50,74714,20377.25,199.58333333333334
2018-03-11 15:00:10,49,50,74743,20412.666666666668,199.66666666666666
2018-03-11 15:15:11,49,50,74783,20447.583333333332,199.83333333333334
2018-03-11 15:30:11,49,50,74808,20482.583333333332,200.0
2018-03-11 15:45:11,49,50,74835,20514.333333333332,200.08333333333334
2018-03-11 16:00:12,49,50,74860,20545.75,200.66666666666666
2018-03-11 16:15:12,49,50,74880,20575.416666666668,200.91666666666666
2018-03-11 16:30:11,49,50,75040,20620.916666666668,201.33333333333334
2018-03-11 16:45:12,49,50,75185,20676.25,201.83333333333334
2018-03-11 17:00:11,49,50,75317,20724.416666666668,202.41666666666666
2018-03-11 17:15:12,49,50,75415,20769.666666666668,202.83333333333334
2018-03-11 17:30:12,49,50,75525,20804.833333333332,203.0
2018-03-11 17:45:11,49,50,75662,20851.916666666668,203.16666666666666
2018-03-11 18:00:11,49,50,75755,20889.0,203.75
2018-03-11 18:15:13,49,50,75846,20926.083333333332,204.0
2018-03-11 18:30:12,49,50,75932,20958.083333333332,204.16666666666666
2018-03-11 18:45:11,49,50,76028,20992.75,204.25
2018-03-11 19:00:10,49,50,76099,21021.333333333332,204.33333333333334
2018-03-11 19:15:11,49,50,76181,21049.166666666668,204.58333333333334
2018-03-11 19:30:12,49,50,76285,21081.25,204.75
2018-03-11 19:45:10,49,50,76372,21109.083333333332,204.83333333333334
2018-03-11 20:00:10,49,50,76446,21135.166666666668,204.83333333333334
2018-03-11 20:15:10,49,50,76517,21165.75,205.0
2018-03-11 20:30:14,49,50,76591,21193.083333333332,205.0
2018-03-11 20:45:10,49,50,76665,21218.166666666668,205.08333333333334
2018-03-11 21:00:10,49,50,76735,21246.583333333332,205.16666666666666
2018-03-11 21:15:11,49,50,76808,21271.166666666668,205.33333333333334
2018-03-11 21:30:11,49,50,76884,21295.833333333332,205.58333333333334
2018-03-11 21:45:11,49,50,76973,21321.0,205.66666666666666
2018-03-11 22:00:11,49,50,77035,21342.583333333332,205.66666666666666
2018-03-11 22:15:11,49,50,77096,21363.833333333332,205.83333333333334
2018-03-11 22:30:11,49,50,77138,21376.916666666668,205.91666666666666
2018-03-11 22:45:11,49,50,77184,21393.833333333332,205.91666666666666
2018-03-11 23:00:10,49,50,77208,21404.75,205.91666666666666
2018-03-11 23:15:10,49,50,77237,21414.666666666668,205.91666666666666
2018-03-11 23:30:10,49,50,77264,21421.416666666668,205.91666666666666
2018-03-11 23:45:12,49,50,77282,21425.166666666668,205.91666666666666
2018-03-12 00:00:12,49,50,77298,21429.0,205.91666666666666
2018-03-12 00:15:12,49,50,77316,21433.5,205.91666666666666
2018-03-12 00:30:11,49,50,77330,21436.333333333332,206.0
2018-03-12 00:45:12,49,50,77335,21437.083333333332,206.0
2018-03-12 01:00:11,49,50,77340,21437.916666666668,206.0
2018-03-12 01:15:10,49,50,77346,21439.083333333332,206.0
2018-03-12 01:30:11,49,50,77351,21440.083333333332,206.0
2018-03-12 01:45:11,49,50,77356,21440.25,206.0
2018-03-12 02:00:11,49,50,77356,21440.5,206.0
2018-03-12 02:15:11,49,50,77348,21440.75,206.0
2018-03-12 02:30:11,49,50,77353,21441.333333333332,206.0
2018-03-12 02:45:11,49,50,77358,21442.083333333332,206.0
2018-03-12 03:00:12,49,50,77358,21442.416666666668,206.0
2018-03-12 03:15:12,49,50,77366,21442.666666666668,206.0
2018-03-12 03:30:12,49,50,77366,21443.0,206.0
2018-03-12 03:45:12,49,50,77368,21443.416666666668,206.0
2018-03-12 04:00:16,49,50,77368,21443.333333333332,206.0
2018-03-12 04:15:11,49,50,77371,21443.583333333332,206.0
2018-03-12 04:30:12,49,50,77372,21443.583333333332,206.0
2018-03-12 04:45:11,49,50,77372,21444.0,206.0
2018-03-12 05:00:11,49,50,77374,21444.333333333332,206.0
2018-03-12 05:15:11,49,50,77378,21444.75,206.0
2018-03-12 05:30:11,49,50,77378,21445.166666666668,206.0
2018-03-12 05:45:10,49,50,77382,21445.416666666668,206.0
2018-03-12 06:00:10,49,50,77388,21447.083333333332,206.0
2018-03-12 06:15:11,49,50,77394,21449.333333333332,206.16666666666666
2018-03-12 06:30:11,49,50,77404,21454.0,206.16666666666666
2018-03-12 06:45:10,49,50,77422,21460.5,206.41666666666666
2018-03-12 07:00:10,49,50,77443,21469.166666666668,206.41666666666666
2018-03-12 07:15:10,49,50,77472,21476.75,206.41666666666666
2018-03-12 07:30:11,49,50,77500,21484.25,206.41666666666666
2018-03-12 07:45:10,49,50,77516,21490.416666666668,206.41666666666666
2018-03-12 08:00:10,49,50,77523,21493.916666666668,206.41666666666666
2018-03-12 08:15:10,49,50,77530,21496.5,206.5
2018-03-12 08:30:10,49,50,77540,21499.25,206.58333333333334
2018-03-12 08:45:10,49,50,77547,21502.0,206.58333333333334
2018-03-12 09:00:11,49,50,77554,21503.833333333332,206.58333333333334
2018-03-12 09:15:10,49,50,77563,21505.416666666668,206.58333333333334
2018-03-12 09:30:10,49,50,77573,21508.833333333332,206.66666666666666
2018-03-12 09:45:10,49,50,77580,21512.25,206.75
2018-03-12 10:00:10,49,50,77594,21515.75,206.75
2018-03-12 10:15:10,49,50,77605,21517.75,206.75
2018-03-12 10:30:10,49,50,77619,21521.666666666668,206.83333333333334
2018-03-12 10:45:11,49,51,77631,19623.333333333332,189.33333333333334
2018-03-12 11:00:10,49,51,77639,19695.75,194.58333333333334
2018-03-12 11:15:09,49,51,77648,19755.166666666668,200.58333333333334
2018-03-12 11:30:10,49,51,77664,19817.333333333332,204.75
2018-03-12 11:45:11,49,51,77674,19868.25,208.83333333333334
2018-03-12 12:00:14,49,51,77695,19919.166666666668,212.91666666666666
2018-03-12 12:15:12,49,51,77710,19973.916666666668,219.0
2018-03-12 12:30:13,49,51,77720,20024.25,222.41666666666666
2018-03-12 12:45:13,49,51,77734,20078.666666666668,223.91666666666666
2018-03-12 13:00:19,49,51,77762,20134.166666666668,226.08333333333334
2018-03-12 13:15:12,49,51,77776,20198.833333333332,227.08333333333334
2018-03-12 13:30:13,49,51,77801,20280.5,231.75
2018-03-12 13:45:13,49,51,77816,20367.583333333332,234.41666666666666
2018-03-12 14:00:12,49,51,77832,20452.583333333332,237.75
2018-03-12 14:15:10,49,51,77859,20528.833333333332,240.33333333333334
2018-03-12 14:30:10,49,51,77875,20599.5,241.66666666666666
2018-03-12 14:45:10,49,51,77888,20672.75,244.41666666666666
2018-03-12 15:00:10,49,51,77894,20735.416666666668,245.16666666666666
2018-03-12 15:15:10,49,51,77906,20798.666666666668,247.16666666666666
2018-03-12 15:30:10,49,51,77912,20854.583333333332,248.91666666666666
2018-03-12 15:45:12,49,51,77934,20916.083333333332,250.58333333333334
2018-03-12 16:00:11,49,51,77949,20976.416666666668,251.91666666666666
2018-03-12 16:15:10,49,51,77960,21032.833333333332,254.16666666666666
2018-03-12 16:30:11,49,51,77985,21090.75,255.08333333333334
2018-03-12 16:45:10,49,51,78002,21142.75,256.5
2018-03-12 17:00:12,49,51,78024,21192.916666666668,258.25
2018-03-12 17:15:10,49,51,78050,21235.25,259.0833333333333
2018-03-12 17:30:15,49,52,78157,19691.416666666668,247.25
2018-03-12 17:45:10,49,52,78310,19911.666666666668,249.08333333333334
2018-03-12 18:00:10,49,52,78474,20063.333333333332,251.33333333333334
2018-03-12 18:15:10,49,52,78607,20176.916666666668,251.75
2018-03-12 18:30:11,49,52,78651,20274.75,253.08333333333334
2018-03-12 18:45:10,49,52,78690,20357.833333333332,254.08333333333334
2018-03-12 19:00:10,50,52,78720,20435.916666666668,254.91666666666666
2018-03-12 19:15:10,50,52,78756,20505.0,255.66666666666666
2018-03-12 19:30:10,50,52,78799,20577.166666666668,257.1666666666667
2018-03-12 19:45:11,50,52,78831,20645.75,257.5833333333333
2018-03-12 20:00:10,50,52,78865,20711.833333333332,258.4166666666667
2018-03-12 20:15:09,50,52,78909,20773.166666666668,258.9166666666667
2018-03-12 20:30:10,50,52,78953,20828.5,259.1666666666667
2018-03-12 20:45:10,50,52,78981,20887.5,259.8333333333333
2018-03-12 21:00:09,50,52,79019,20938.916666666668,260.5
2018-03-12 21:15:09,50,52,79052,20983.75,261.0
2018-03-12 21:30:11,50,52,79083,21028.916666666668,261.3333333333333
2018-03-12 21:45:10,50,52,79120,21067.583333333332,261.6666666666667
2018-03-12 22:00:10,50,52,79146,21098.416666666668,261.8333333333333
2018-03-12 22:15:10,50,52,79168,21123.833333333332,262.1666666666667
2018-03-12 22:30:11,50,52,79186,21144.75,262.4166666666667
2018-03-12 22:45:10,50,52,79208,21161.5,262.5
2018-03-12 23:00:11,50,52,79232,21175.583333333332,262.5833333333333
2018-03-12 23:15:11,50,52,79243,21184.583333333332,262.8333333333333
2018-03-12 23:30:09,50,52,79258,21192.75,262.9166666666667
2018-03-12 23:45:10,50,52,79262,21198.5,263.0
2018-03-13 00:00:10,50,52,79266,21202.5,263.0
2018-03-13 00:15:10,50,52,79268,21206.333333333332,263.0
2018-03-13 00:30:10,50,52,79275,21209.833333333332,263.0
2018-03-13 00:45:11,50,52,79277,21211.166666666668,263.0
2018-03-13 01:00:11,50,52,79278,21212.416666666668,263.1666666666667
2018-03-13 01:15:13,50,52,79282,21214.25,263.1666666666667
2018-03-13 01:31:31,50,52,79284,21214.5,263.1666666666667
2018-03-13 01:45:11,50,52,79285,21215.083333333332,263.1666666666667
2018-03-13 02:00:11,50,52,79284,21215.583333333332,263.1666666666667
2018-03-13 02:15:12,50,52,79284,21216.25,263.1666666666667
2018-03-13 02:30:12,50,52,79283,21217.0,263.1666666666667
2018-03-13 02:45:10,50,52,79284,21216.916666666668,263.1666666666667
2018-03-13 03:00:11,50,52,79283,21217.666666666668,263.25
2018-03-13 03:15:11,50,52,79286,21217.75,263.25
2018-03-13 03:30:10,50,52,79286,21218.25,263.25
2018-03-13 03:45:11,50,52,79285,21218.333333333332,263.25
2018-03-13 04:00:10,50,52,79287,21218.583333333332,263.3333333333333
2018-03-13 04:15:11,50,52,79290,21219.0,263.3333333333333
2018-03-13 04:30:11,50,52,79291,21218.916666666668,263.3333333333333
2018-03-13 04:45:11,50,52,79291,21219.333333333332,263.3333333333333
2018-03-13 05:00:11,50,52,79290,21219.416666666668,263.3333333333333
2018-03-13 05:15:11,50,52,79291,21220.166666666668,263.3333333333333
2018-03-13 05:30:10,50,52,79291,21222.166666666668,263.3333333333333
2018-03-13 05:45:09,50,52,79289,21222.916666666668,263.3333333333333
2018-03-13 06:00:09,50,52,79293,21225.25,263.3333333333333
2018-03-13 06:15:10,50,52,79298,21231.416666666668,263.3333333333333
2018-03-13 06:30:09,50,52,79301,21241.916666666668,263.25
2018-03-13 06:45:09,50,52,79305,21254.583333333332,263.6666666666667
2018-03-13 07:00:10,50,52,79312,21272.083333333332,264.0
2018-03-13 07:15:09,50,52,79319,21287.25,264.1666666666667
2018-03-13 07:30:10,50,52,79327,21304.666666666668,264.3333333333333
2018-03-13 07:45:11,50,52,79327,21314.333333333332,264.8333333333333
2018-03-13 08:00:10,50,52,79328,21323.0,264.8333333333333
2018-03-13 08:15:11,50,52,79331,21328.166666666668,264.9166666666667
2018-03-13 08:30:10,50,52,79338,21333.083333333332,265.0
2018-03-13 08:45:09,50,52,79337,21337.5,265.0
2018-03-13 09:00:09,50,52,79342,21340.5,265.0
2018-03-13 09:15:09,50,52,79346,21345.583333333332,265.0
2018-03-13 09:30:10,50,52,79350,21349.25,265.0833333333333
2018-03-13 09:45:10,50,52,79353,21353.916666666668,265.3333333333333
2018-03-13 10:00:10,50,52,79353,21358.833333333332,265.5
2018-03-13 10:15:09,50,52,79364,21363.333333333332,265.5
2018-03-13 10:30:10,50,52,79369,21366.916666666668,265.5
2018-03-13 10:45:11,50,52,79374,21370.333333333332,265.5833333333333
2018-03-13 11:00:10,50,52,79379,21376.916666666668,265.8333333333333
2018-03-13 11:15:10,50,52,79385,21380.083333333332,265.8333333333333
2018-03-13 11:30:10,50,52,79396,21384.416666666668,265.8333333333333
2018-03-13 11:45:10,50,52,79405,21388.583333333332,265.8333333333333
2018-03-13 12:00:10,50,52,79414,21394.083333333332,265.8333333333333
2018-03-13 12:15:10,50,52,79422,21398.416666666668,265.8333333333333
2018-03-13 12:30:10,50,52,79434,21404.75,265.8333333333333
2018-03-13 12:45:10,50,52,79451,21410.583333333332,265.8333333333333
2018-03-13 13:00:10,50,52,79457,21420.0,265.9166666666667
2018-03-13 13:15:14,50,52,79481,21428.583333333332,266.0833333333333
2018-03-13 13:30:17,50,52,79500,21440.166666666668,266.0833333333333
2018-03-13 13:45:15,50,52,79529,21454.083333333332,266.25
2018-03-13 14:00:16,50,52,79551,21467.583333333332,266.25
2018-03-13 14:15:19,50,52,79577,21481.0,266.25
2018-03-13 14:30:15,50,52,79595,21492.916666666668,266.3333333333333
2018-03-13 14:45:26,50,52,79615,21507.166666666668,266.5
2018-03-13 15:00:09,50,52,79638,21519.666666666668,266.5833333333333
2018-03-13 15:15:10,50,52,79663,21531.5,266.75
2018-03-13 15:30:10,50,52,79663,21539.916666666668,267.0
2018-03-13 15:45:11,50,52,79697,21550.5,267.0
2018-03-13 16:00:10,50,52,79720,21563.416666666668,267.0
2018-03-13 16:15:17,50,52,79740,21576.916666666668,267.0833333333333
2018-03-13 16:30:11,50,52,79754,21586.25,267.25
2018-03-13 16:45:10,50,52,79775,21596.583333333332,267.25
2018-03-13 17:00:12,50,52,79789,21608.5,267.25
2018-03-13 17:15:13,50,53,79807,19960.666666666668,249.25
2018-03-13 17:30:12,50,53,79821,20122.25,250.58333333333334
2018-03-13 17:45:11,50,53,79877,20227.75,251.41666666666666
2018-03-13 18:00:11,50,53,79905,20307.0,251.91666666666666
2018-03-13 18:15:11,50,53,79932,20374.083333333332,252.16666666666666
2018-03-13 18:30:10,50,53,79954,20434.083333333332,252.16666666666666
2018-03-13 18:45:11,50,53,79979,20486.083333333332,252.41666666666666
2018-03-13 19:00:11,50,53,80010,20533.416666666668,252.66666666666666
2018-03-16 18:49:26,50,65,86035,16182.333333333334,137.08333333333334
2018-03-16 19:00:15,50,65,86075,16239.916666666666,137.25
2018-03-16 19:15:11,50,65,86141,16321.25,137.66666666666666
2018-03-16 19:30:11,50,65,86179,16393.333333333332,137.66666666666666
2018-03-16 19:45:11,50,65,86210,16463.666666666668,137.91666666666666
2018-03-16 20:00:13,50,65,86265,16534.5,138.08333333333334
2018-03-16 20:15:10,50,65,86326,16609.916666666668,138.16666666666666
2018-03-16 20:30:11,50,65,86374,16676.0,138.16666666666666
2018-03-16 20:45:11,50,66,86432,15270.5,102.25
2018-03-16 21:00:17,50,66,86496,15471.916666666666,103.5
2018-03-16 21:15:15,50,66,86544,15631.916666666666,104.75
2018-03-16 21:30:12,50,66,86596,15768.0,105.08333333333333
2018-03-16 21:45:12,50,66,86652,15894.416666666666,105.25
2018-03-16 22:00:11,50,66,86708,16000.916666666666,105.58333333333333
2018-03-16 22:15:11,50,66,86762,16106.75,106.16666666666667
2018-03-16 22:30:12,50,66,86800,16192.25,106.75
2018-03-16 22:45:12,50,66,86849,16276.333333333334,107.16666666666667
2018-03-16 23:00:15,50,66,86887,16350.75,107.5
2018-03-16 23:15:19,50,66,86916,16404.75,107.5
2018-03-16 23:30:13,50,66,86935,16451.083333333332,107.66666666666667
2018-03-16 23:45:14,50,66,86962,16488.916666666668,107.75
2018-03-17 00:00:13,50,66,86979,16523.833333333332,107.83333333333333
2018-03-17 00:15:12,50,66,86996,16546.583333333332,107.83333333333333
2018-03-17 00:30:14,50,66,87010,16568.0,107.83333333333333
2018-03-17 00:45:12,50,66,87018,16582.916666666668,107.83333333333333
2018-03-17 01:00:14,50,66,87021,16595.833333333332,107.83333333333333
2018-03-17 01:15:14,50,66,87032,16607.5,107.83333333333333
2018-03-17 01:30:13,50,66,87040,16616.583333333332,107.83333333333333
2018-03-17 01:45:14,50,66,87039,16623.333333333332,107.83333333333333
2018-03-17 02:00:13,50,66,87039,16629.083333333332,107.83333333333333
2018-03-17 02:15:12,50,66,87038,16632.583333333332,107.83333333333333
2018-03-17 02:30:14,50,66,87040,16635.583333333332,107.83333333333333
2018-03-17 02:45:13,50,66,87040,16637.666666666668,107.83333333333333
2018-03-17 03:00:12,50,66,87042,16639.25,107.83333333333333
2018-03-17 03:15:12,50,66,87044,16641.25,107.83333333333333
2018-03-17 03:30:13,50,66,87050,16643.0,107.83333333333333
2018-03-17 03:45:15,50,66,87051,16644.5,107.83333333333333
2018-03-17 04:00:12,50,66,87052,16646.25,107.83333333333333
2018-03-17 04:15:13,50,66,87052,16647.333333333332,107.83333333333333
2018-03-17 04:30:13,50,66,87055,16648.5,107.83333333333333
2018-03-17 04:45:14,50,66,87057,16649.333333333332,107.83333333333333
2018-03-17 05:00:13,50,66,87055,16650.833333333332,107.83333333333333
2018-03-17 05:15:14,50,66,87055,16652.25,107.83333333333333
2018-03-17 05:30:12,50,66,87058,16653.083333333332,107.83333333333333
2018-03-17 05:45:13,50,66,87060,16653.833333333332,107.83333333333333
2018-03-17 06:00:12,50,66,87062,16655.5,107.83333333333333
2018-03-17 06:15:12,50,66,87061,16658.5,107.83333333333333
2018-03-17 06:30:12,50,66,87060,16663.666666666668,107.83333333333333
2018-03-17 06:45:13,50,66,87069,16671.833333333332,107.83333333333333
2018-03-17 07:00:13,50,66,87076,16681.833333333332,107.83333333333333
2018-03-17 07:15:14,50,66,87082,16697.666666666668,107.83333333333333
2018-03-17 07:30:13,50,66,87092,16717.25,108.0
2018-03-17 07:45:12,50,66,87109,16742.166666666668,108.0
2018-03-17 08:00:13,50,66,87125,16769.333333333332,108.25
2018-03-17 08:15:14,50,66,87145,16802.833333333332,108.33333333333333
2018-03-17 08:30:10,50,66,87165,16840.166666666668,108.41666666666667
2018-03-17 08:45:12,50,66,87177,16881.75,108.5
2018-03-17 09:00:11,50,66,87192,16922.916666666668,108.66666666666667
2018-03-17 09:15:12,50,66,87220,16970.25,108.66666666666667
2018-03-17 09:30:11,50,66,87247,17019.083333333332,108.66666666666667
2018-03-17 09:45:12,50,66,87265,17063.583333333332,108.66666666666667
2018-03-17 10:00:12,50,66,87289,17108.0,108.91666666666667
2018-03-17 10:15:12,50,66,87305,17148.333333333332,109.0
2018-03-17 10:30:12,50,66,87324,17192.5,109.16666666666667
2018-03-17 10:45:12,50,67,87373,16199.916666666666,104.25
2018-03-17 11:00:12,50,67,87406,16473.5,105.66666666666667
2018-03-17 11:15:11,50,67,87439,16667.916666666668,106.5
2018-03-17 11:30:12,50,67,87468,16817.0,107.16666666666667
2018-03-17 11:45:12,50,67,87497,16942.666666666668,107.58333333333333
2018-03-17 12:00:11,50,67,87542,17052.833333333332,108.33333333333333
2018-03-17 12:15:11,50,67,87573,17153.083333333332,108.41666666666667
2018-03-17 12:30:12,50,67,87596,17248.166666666668,108.66666666666667
2018-03-17 12:45:11,50,67,87629,17331.916666666668,108.83333333333333
2018-03-17 13:00:10,50,67,87654,17408.333333333332,109.0
2018-03-17 13:15:11,50,67,87689,17477.916666666668,109.0
2018-03-17 13:30:12,50,67,87781,17547.75,109.33333333333333
2018-03-17 13:45:11,50,67,87914,17614.916666666668,109.83333333333333
2018-03-17 14:00:12,50,67,88029,17678.5,110.16666666666667
2018-03-17 14:15:13,50,67,88059,17736.583333333332,110.5
2018-03-17 14:30:12,50,67,88079,17788.583333333332,110.66666666666667
2018-03-17 14:45:12,50,67,88097,17831.5,110.83333333333333
2018-03-17 15:00:12,50,67,88109,17876.166666666668,110.83333333333333
2018-03-17 15:15:11,50,67,88142,17920.0,110.83333333333333
2018-03-17 15:30:11,50,67,88172,17955.916666666668,111.0
2018-03-17 15:45:11,50,67,88206,17996.916666666668,111.0
2018-03-17 16:00:11,50,67,88229,18037.916666666668,111.25
2018-03-17 16:15:10,50,67,88241,18074.666666666668,111.66666666666667
2018-03-17 16:30:12,50,67,88270,18110.166666666668,111.66666666666667
2018-03-17 16:45:12,50,67,88299,18146.083333333332,111.75
2018-03-17 17:00:13,50,67,88321,18179.5,111.75
2018-03-17 17:15:13,50,67,88344,18207.75,111.83333333333333
2018-03-17 17:30:11,50,67,88361,18240.666666666668,111.91666666666667
2018-03-17 17:45:11,50,67,88381,18268.083333333332,112.16666666666667
2018-03-17 18:00:11,50,67,88396,18295.75,112.33333333333333
2018-03-17 18:15:12,50,68,88395,17110.666666666668,111.08333333333333
2018-03-17 18:30:11,50,68,88391,17373.416666666668,118.08333333333333
2018-03-17 18:45:12,50,68,88411,17560.583333333332,122.16666666666667
2018-03-17 19:00:11,50,68,88418,17708.583333333332,124.58333333333333
2018-03-17 19:15:10,50,68,88439,17830.083333333332,127.0
2018-03-17 19:30:11,50,68,88463,17940.583333333332,128.58333333333334
2018-03-17 19:45:12,50,68,88477,18037.75,130.0
2018-03-17 20:00:11,50,68,88487,18132.666666666668,131.0
2018-03-17 20:15:11,50,68,88516,18214.416666666668,131.58333333333334
2018-03-17 20:30:12,50,68,88549,18293.75,132.41666666666666
2018-03-17 20:45:12,50,68,88584,18367.25,133.58333333333334
2018-03-17 21:00:11,50,68,88604,18437.583333333332,134.25
2018-03-17 21:15:10,50,68,88629,18502.833333333332,135.91666666666666
2018-03-17 21:30:10,50,68,88648,18566.0,136.33333333333334
2018-03-17 21:45:10,50,68,88665,18620.583333333332,137.08333333333334
2018-03-17 22:00:11,50,68,88687,18675.416666666668,138.25
2018-03-17 22:15:10,50,68,88710,18727.333333333332,138.91666666666666
2018-03-17 22:30:12,50,68,88733,18776.333333333332,139.58333333333334
2018-03-17 22:45:11,50,68,88756,18828.083333333332,140.0
2018-03-17 23:00:12,50,68,88776,18874.75,140.08333333333334
2018-03-17 23:15:11,50,68,88798,18912.416666666668,141.0
2018-03-17 23:30:12,50,68,88813,18944.5,141.5
2018-03-17 23:45:11,50,68,88833,18977.833333333332,142.0
2018-03-18 00:00:12,50,68,88854,19001.25,142.25
2018-03-18 00:15:11,50,68,88860,19024.0,142.58333333333334
2018-03-18 00:30:12,50,68,88869,19039.0,142.91666666666666
2018-03-18 00:45:12,50,68,88886,19053.416666666668,143.0
2018-03-18 01:00:14,50,68,88890,19064.666666666668,143.0
2018-03-18 01:15:12,50,68,88901,19076.166666666668,143.41666666666666
2018-03-18 01:30:12,50,68,88907,19082.75,143.41666666666666
2018-03-18 01:45:11,50,68,88910,19090.083333333332,143.5
2018-03-18 02:00:13,50,68,88907,19095.166666666668,143.5
2018-03-18 02:15:12,50,68,88913,19099.166666666668,143.83333333333334
2018-03-18 02:30:14,50,68,88914,19103.333333333332,143.75
2018-03-18 02:45:13,50,68,88914,19107.166666666668,143.91666666666666
2018-03-18 03:00:13,50,68,88916,19109.583333333332,143.91666666666666
2018-03-18 03:15:12,50,68,88917,19111.333333333332,143.83333333333334
2018-03-18 03:30:12,50,68,88918,19112.666666666668,143.91666666666666
2018-03-18 03:45:13,50,68,88919,19113.5,143.91666666666666
2018-03-18 04:00:13,50,68,88921,19114.166666666668,143.91666666666666
2018-03-18 04:15:14,50,68,88921,19115.0,143.91666666666666
2018-03-18 04:30:13,50,68,88924,19115.916666666668,143.83333333333334
2018-03-18 04:45:14,50,68,88925,19116.75,143.91666666666666
2018-03-18 05:00:13,50,68,88925,19117.583333333332,143.91666666666666
2018-03-18 05:15:13,50,68,88927,19118.666666666668,143.91666666666666
2018-03-18 05:30:13,50,68,88928,19119.333333333332,143.91666666666666
2018-03-18 05:45:14,50,68,88927,19120.0,144.0
2018-03-18 06:00:14,50,68,88929,19120.666666666668,143.91666666666666
2018-03-18 06:15:13,50,68,88929,19121.833333333332,144.0
2018-03-18 06:30:12,50,68,88930,19123.583333333332,144.0
2018-03-18 06:45:13,50,68,88933,19127.083333333332,144.16666666666666
2018-03-18 07:00:13,50,68,88934,19132.75,144.33333333333334
2018-03-18 07:15:12,50,68,88938,19138.25,144.41666666666666
2018-03-18 07:30:11,50,68,88941,19147.333333333332,144.58333333333334
2018-03-18 07:45:11,50,68,88948,19156.916666666668,144.66666666666666
2018-03-18 08:00:11,50,68,88948,19170.666666666668,144.91666666666666
2018-03-18 08:15:11,50,68,88957,19187.083333333332,144.91666666666666
2018-03-18 08:30:11,50,68,88974,19203.583333333332,145.5
2018-03-18 08:45:12,50,68,88991,19224.666666666668,146.41666666666666
2018-03-18 09:00:13,50,68,88997,19247.333333333332,147.25
2018-03-18 09:15:10,50,68,89010,19271.5,148.08333333333334
2018-03-18 09:30:11,50,68,89023,19296.916666666668,148.66666666666666
2018-03-18 09:45:11,50,68,89045,19324.0,149.16666666666666
2018-03-18 10:00:11,50,68,89061,19348.333333333332,149.66666666666666
2018-03-18 10:15:10,50,68,89078,19372.25,150.0
2018-03-18 10:30:11,50,68,89095,19396.916666666668,151.25
2018-03-18 10:45:12,50,68,89110,19415.916666666668,151.41666666666666
2018-03-18 11:00:10,50,68,89121,19436.833333333332,151.83333333333334
2018-03-18 11:15:11,50,68,89139,19456.583333333332,152.16666666666666
2018-03-18 11:30:10,50,68,89149,19475.0,152.25
2018-03-18 11:45:10,50,68,89163,19495.583333333332,152.91666666666666
2018-03-18 12:00:12,50,68,89190,19527.416666666668,153.25
2018-03-18 12:15:11,50,68,89219,19549.333333333332,153.83333333333334
2018-03-18 12:30:10,50,68,89249,19571.166666666668,153.83333333333334
2018-03-18 12:45:10,50,68,89269,19590.083333333332,154.16666666666666
2018-03-18 13:00:10,50,68,89283,19608.5,154.25
2018-03-18 13:15:12,43,69,89299,19005.083333333332,153.83333333333334
2018-03-18 13:30:11,43,69,89314,19222.5,155.16666666666666
2018-03-18 13:45:11,45,69,89332,19375.333333333332,156.08333333333334
2018-03-18 14:00:10,45,69,89349,19499.0,156.75
2018-03-18 14:15:11,45,69,89367,19594.25,157.41666666666666
2018-03-18 14:30:11,45,69,89387,19681.833333333332,157.58333333333334
2018-03-18 14:45:11,45,69,89405,19760.0,158.0
2018-03-18 15:00:11,45,69,89432,19827.25,158.75
2018-03-18 15:15:12,45,69,89465,19888.583333333332,159.41666666666666
2018-03-18 15:30:12,45,69,89484,19943.333333333332,159.5
2018-03-18 15:45:10,45,69,89505,19996.5,160.25
2018-03-18 16:00:13,45,69,89532,20043.666666666668,160.75
2018-03-18 16:15:11,45,69,89554,20085.583333333332,161.08333333333334
2018-03-18 16:30:10,45,69,89570,20128.083333333332,161.41666666666666
2018-03-18 16:45:12,45,69,89587,20168.083333333332,161.83333333333334
2018-03-18 17:00:12,45,69,89602,20214.083333333332,162.83333333333334
2018-03-18 17:15:12,45,69,89611,20256.333333333332,163.33333333333334
2018-03-18 17:30:12,45,69,89628,20297.166666666668,163.5
2018-03-18 17:45:11,45,69,89637,20337.5,164.0
2018-03-18 18:00:12,45,69,89658,20377.5,164.58333333333334
2018-03-18 18:15:12,45,69,89672,20415.25,164.66666666666666
2018-03-18 18:30:11,45,69,89696,20457.5,165.0
2018-03-18 18:45:11,45,69,89717,20486.166666666668,165.08333333333334
2018-03-18 19:00:11,45,69,89729,20520.583333333332,165.58333333333334
2018-03-18 19:15:10,45,69,89749,20551.0,165.58333333333334
2018-03-18 19:30:11,45,69,89763,20576.916666666668,165.91666666666666
2018-03-18 19:45:12,45,69,89743,20609.166666666668,166.33333333333334
2018-03-18 20:00:11,45,69,89768,20642.25,166.41666666666666
2018-03-18 20:15:12,45,69,89802,20672.333333333332,166.58333333333334
2018-03-18 20:30:13,45,69,89827,20698.5,166.75
2018-03-18 20:45:15,45,69,89849,20727.0,166.91666666666666
2018-03-18 21:00:13,45,69,89876,20755.916666666668,167.0
2018-03-18 21:15:13,45,69,89906,20778.333333333332,167.16666666666666
2018-03-18 21:30:12,45,69,89938,20803.75,167.5
2018-03-18 21:45:14,45,69,89972,20826.833333333332,167.58333333333334
2018-03-18 22:00:23,45,69,89982,20851.083333333332,167.75
2018-03-18 22:15:12,45,69,90002,20873.0,168.0
2018-03-18 22:30:42,45,69,90018,20892.666666666668,168.33333333333334
2018-03-18 22:45:14,45,69,90033,20907.75,168.5
2018-03-18 23:00:16,45,69,90049,20921.333333333332,168.66666666666666
2018-03-18 23:15:16,45,69,90055,20928.583333333332,168.75
2018-03-18 23:30:18,45,69,90065,20935.75,168.75
2018-03-18 23:45:16,45,69,90068,20942.0,168.75
2018-03-19 00:00:23,45,69,90079,20947.333333333332,168.75
2018-03-19 00:15:15,45,69,90086,20951.333333333332,168.75
2018-03-19 00:30:14,45,69,90088,20955.333333333332,168.83333333333334
2018-03-19 00:45:14,45,69,90090,20957.666666666668,168.83333333333334
2018-03-19 01:00:12,45,69,90096,20959.666666666668,168.83333333333334
2018-03-19 01:15:12,45,69,90097,20961.0,168.83333333333334
2018-03-19 01:30:12,45,69,90094,20962.333333333332,168.83333333333334
2018-03-19 01:45:12,45,69,90096,20962.916666666668,168.83333333333334
2018-03-19 02:00:13,45,69,90097,20964.0,168.83333333333334
2018-03-19 02:15:13,45,69,90095,20964.25,168.91666666666666
2018-03-19 02:30:13,45,69,90097,20964.5,168.91666666666666
2018-03-19 02:45:13,45,69,90098,20964.833333333332,168.91666666666666
2018-03-19 03:00:12,45,69,90100,20965.0,168.91666666666666
2018-03-19 03:15:13,45,69,90102,20965.333333333332,168.91666666666666
2018-03-19 03:30:12,45,69,90101,20965.75,168.91666666666666
2018-03-19 03:45:12,45,69,90101,20966.0,168.91666666666666
2018-03-19 04:00:11,45,69,90103,20966.166666666668,168.91666666666666
2018-03-19 04:15:13,45,69,90103,20966.916666666668,168.91666666666666
2018-03-19 04:30:12,45,69,90103,20967.166666666668,168.91666666666666
2018-03-19 04:45:13,45,69,90104,20967.416666666668,168.91666666666666
2018-03-19 05:00:12,45,69,90104,20967.583333333332,168.91666666666666
2018-03-19 05:15:13,45,69,90101,20968.666666666668,168.91666666666666
2018-03-19 05:30:12,45,69,90102,20968.916666666668,168.91666666666666
2018-03-19 05:45:13,45,69,90103,20969.5,168.91666666666666
2018-03-19 06:00:14,45,69,90101,20971.166666666668,168.91666666666666
2018-03-19 06:15:13,45,69,90098,20975.083333333332,168.91666666666666
2018-03-19 06:30:12,45,69,90102,20985.166666666668,168.91666666666666
2018-03-19 06:45:11,45,69,90105,20993.333333333332,168.91666666666666
2018-03-19 07:00:12,45,69,90102,21003.833333333332,168.91666666666666
2018-03-19 07:15:11,45,69,90104,21015.666666666668,168.91666666666666
2018-03-19 07:30:11,45,69,90102,21025.666666666668,168.91666666666666
2018-03-19 07:45:12,45,69,90106,21034.083333333332,168.91666666666666
2018-03-19 08:00:10,45,69,90108,21039.75,168.91666666666666
2018-03-19 08:15:10,45,69,90113,21045.666666666668,168.91666666666666
2018-03-19 08:30:11,45,69,90121,21049.583333333332,169.0
2018-03-19 08:45:12,45,69,90127,21053.0,169.16666666666666
2018-03-19 09:00:11,45,69,90131,21057.916666666668,169.91666666666666
2018-03-19 09:15:11,45,69,90130,21060.833333333332,170.0
2018-03-19 09:30:11,45,69,90136,21064.25,170.0
2018-03-19 09:45:11,45,69,90140,21068.416666666668,170.0
2018-03-19 10:00:10,45,69,90142,21072.083333333332,170.08333333333334
2018-03-19 10:15:10,45,69,90151,21075.5,170.08333333333334
2018-03-19 10:30:10,45,69,90158,21079.25,170.08333333333334
2018-03-19 10:45:10,45,69,90169,21086.583333333332,170.08333333333334
2018-03-19 11:00:11,45,69,90177,21090.5,170.16666666666666
2018-03-19 11:15:11,45,70,90181,19726.5,164.25
2018-03-19 11:30:12,45,70,90186,19833.0,166.25
2018-03-19 11:45:13,45,70,90193,19900.25,166.83333333333334
2018-03-19 12:00:11,45,70,90202,19965.083333333332,167.41666666666666
2018-03-19 12:15:11,45,70,90210,20024.75,167.75
2018-03-19 12:30:10,45,70,90211,20076.75,168.0
2018-03-19 12:45:11,45,70,90219,20131.25,168.16666666666666
2018-03-19 13:00:12,45,70,90220,20186.5,168.16666666666666
2018-03-19 13:15:10,45,70,90217,20247.25,168.58333333333334
2018-03-19 13:30:10,45,70,90213,20318.166666666668,168.91666666666666
2018-03-19 13:45:10,45,70,90217,20393.75,169.25
2018-03-19 14:00:11,45,70,90222,20469.666666666668,169.41666666666666
2018-03-19 14:15:11,45,70,90239,20546.083333333332,169.83333333333334
2018-03-19 14:30:12,45,70,90249,20616.083333333332,170.08333333333334
2018-03-19 14:45:11,45,70,90258,20673.0,170.16666666666666
2018-03-19 15:00:11,45,70,90265,20727.166666666668,170.33333333333334
2018-03-19 15:15:12,45,70,90271,20779.416666666668,170.5
2018-03-19 15:30:11,45,70,90284,20832.5,170.58333333333334
2018-03-19 15:45:12,45,70,90290,20882.25,170.91666666666666
2018-03-19 16:00:11,45,70,90300,20935.416666666668,171.08333333333334
2018-03-19 16:15:12,45,70,90317,20990.916666666668,171.08333333333334
2018-03-19 16:30:11,45,70,90323,21045.0,171.25
2018-03-19 16:45:10,45,70,90335,21090.583333333332,171.25
2018-03-19 17:00:10,45,70,90358,21139.333333333332,171.5
2018-03-19 17:15:11,45,70,90384,21183.333333333332,172.0
2018-03-19 17:30:11,45,70,90404,21222.75,172.16666666666666
2018-03-19 17:45:12,45,70,90415,21258.833333333332,172.16666666666666
2018-03-19 18:00:10,45,70,90423,21293.166666666668,172.41666666666666
2018-03-19 18:15:11,45,70,90432,21325.666666666668,172.41666666666666
2018-03-19 18:30:11,45,70,90450,21355.583333333332,172.83333333333334
2018-03-19 18:45:12,45,70,90461,21380.333333333332,172.91666666666666
2018-03-19 19:00:11,45,70,90473,21412.75,172.91666666666666
2018-03-19 19:15:10,45,70,90490,21435.0,172.91666666666666
2018-03-19 19:30:10,45,70,90517,21461.0,173.08333333333334
2018-03-19 19:45:10,45,70,90502,21484.166666666668,173.25
2018-03-19 20:00:11,45,70,90524,21507.5,173.25
2018-03-19 20:15:11,45,70,90552,21533.166666666668,173.33333333333334
2018-03-19 20:30:13,45,70,90584,21559.5,174.08333333333334
2018-03-19 20:45:11,45,70,90612,21582.5,174.16666666666666
2018-03-19 21:00:11,45,70,90628,21606.833333333332,174.16666666666666
2018-03-19 21:15:10,45,70,90655,21627.916666666668,174.25
2018-03-19 21:30:11,45,70,90677,21647.333333333332,174.25
2018-03-19 21:45:11,45,70,90706,21665.75,174.25
2018-03-19 22:00:14,45,70,90730,21681.666666666668,174.25
2018-03-19 22:15:11,45,70,90754,21696.916666666668,174.25
2018-03-19 22:30:11,45,70,90757,21708.5,174.33333333333334
2018-03-19 22:45:10,45,70,90758,21716.75,174.33333333333334
2018-03-19 23:00:11,45,70,90764,21723.416666666668,174.33333333333334
2018-03-19 23:15:11,45,70,90773,21729.333333333332,174.41666666666666
2018-03-19 23:30:10,45,70,90774,21732.916666666668,174.41666666666666
2018-03-19 23:45:11,45,70,90779,21736.666666666668,174.41666666666666
2018-03-20 00:00:12,45,70,90783,21741.25,174.41666666666666
2018-03-20 00:15:12,45,70,90786,21743.0,174.41666666666666
2018-03-20 00:30:12,45,70,90787,21744.166666666668,174.41666666666666
2018-03-20 00:45:12,45,70,90788,21745.083333333332,174.41666666666666
2018-03-20 01:00:15,45,70,90790,21745.833333333332,174.41666666666666
2018-03-20 01:15:13,45,70,90788,21746.083333333332,174.41666666666666
2018-03-20 01:30:15,45,70,90787,21746.666666666668,174.41666666666666
2018-03-20 01:45:14,45,70,90788,21747.083333333332,174.5
2018-03-20 02:00:15,45,70,90788,21747.333333333332,174.5
2018-03-20 02:15:13,45,70,90788,21747.5,174.5
2018-03-20 02:30:17,45,70,90790,21747.583333333332,174.5
2018-03-20 02:45:16,45,70,90790,21747.75,174.5
2018-03-20 03:00:25,45,70,90793,21747.916666666668,174.5
2018-03-20 03:15:15,45,70,90792,21747.916666666668,174.5
2018-03-20 03:30:17,45,70,90796,21748.0,174.5
2018-03-20 03:45:18,45,70,90798,21748.75,174.5
2018-03-20 04:00:16,45,70,90798,21748.833333333332,174.5
2018-03-20 04:15:13,45,70,90797,21749.25,174.5
2018-03-20 04:30:13,45,70,90795,21749.333333333332,174.5
2018-03-20 04:45:13,45,70,90795,21749.416666666668,174.5
2018-03-20 05:00:14,45,70,90796,21749.5,174.5
2018-03-20 05:15:12,45,70,90796,21749.916666666668,174.5
2018-03-20 05:30:12,45,70,90798,21750.083333333332,174.5
2018-03-20 05:45:12,45,70,90800,21750.333333333332,174.5
2018-03-20 06:00:13,45,70,90796,21751.0,174.5
2018-03-20 06:15:11,45,70,90796,21754.083333333332,174.5
2018-03-20 06:30:12,45,70,90800,21758.916666666668,174.5
2018-03-20 06:45:11,45,70,90798,21764.083333333332,174.5
2018-03-20 07:00:11,45,70,90799,21772.166666666668,174.66666666666666
2018-03-20 07:15:11,45,70,90799,21778.916666666668,174.75
2018-03-20 07:30:11,45,70,90801,21788.75,174.75
2018-03-20 07:45:11,45,70,90803,21792.333333333332,174.83333333333334
2018-03-20 08:00:10,45,70,90804,21795.333333333332,174.83333333333334
2018-03-20 08:15:10,45,70,90807,21797.333333333332,174.83333333333334
2018-03-20 08:30:10,45,70,90809,21799.583333333332,174.83333333333334
2018-03-20 08:45:11,45,70,90811,21803.083333333332,174.83333333333334
2018-03-20 09:00:12,45,70,90812,21805.666666666668,174.83333333333334
2018-03-20 09:15:11,45,71,90815,20371.5,165.5
2018-03-20 09:30:12,45,71,90818,20454.083333333332,166.33333333333334
2018-03-20 09:45:11,45,71,90827,20527.333333333332,166.83333333333334
2018-03-20 10:00:11,45,71,90832,20590.333333333332,167.5
2018-03-20 10:15:12,45,71,90841,20645.833333333332,167.66666666666666
2018-03-20 10:30:12,45,71,90852,20694.25,167.91666666666666
2018-03-20 10:45:09,45,71,90864,20734.5,168.08333333333334
2018-03-20 11:00:10,45,71,90878,20774.166666666668,168.25
2018-03-20 11:15:11,45,71,90884,20812.833333333332,168.33333333333334
2018-03-20 11:30:10,45,71,90896,20848.916666666668,168.66666666666666
2018-03-20 11:45:10,45,71,90905,20883.166666666668,168.83333333333334
2018-03-20 12:00:14,45,71,90920,20923.416666666668,168.91666666666666
2018-03-20 12:15:12,45,71,90936,20978.0,169.0
2018-03-20 12:30:11,45,71,90939,21031.166666666668,169.25
2018-03-20 12:45:11,45,71,90955,21086.75,169.33333333333334
2018-03-20 13:00:12,45,71,90974,21145.666666666668,169.58333333333334
2018-03-20 13:15:12,45,71,90989,21213.75,169.91666666666666
2018-03-20 13:30:11,45,71,91002,21291.166666666668,170.25
2018-03-20 13:45:11,45,71,91022,21380.833333333332,170.41666666666666
2018-03-20 14:00:10,45,71,91051,21476.583333333332,171.0
2018-03-20 14:15:11,45,71,91072,21560.416666666668,171.41666666666666
2018-03-20 14:30:10,45,71,91093,21636.833333333332,172.08333333333334
2018-03-20 14:45:11,45,71,91126,21706.333333333332,172.33333333333334
2018-03-20 15:00:12,45,71,91160,21775.75,172.66666666666666
2018-03-20 15:15:11,45,71,91197,21833.0,172.75
2018-03-20 15:30:12,45,71,91221,21893.583333333332,173.0
2018-03-20 15:45:11,45,71,91255,21957.0,173.33333333333334
2018-03-20 16:00:11,45,71,91286,22018.916666666668,173.41666666666666
2018-03-20 16:15:14,45,71,91311,22084.5,173.66666666666666
2018-03-20 16:30:13,45,71,91341,22144.333333333332,174.25
2018-03-20 16:45:14,45,71,91363,22201.25,174.33333333333334
2018-03-20 17:00:15,45,71,91392,22257.333333333332,174.58333333333334
2018-03-20 17:15:16,45,71,91424,22312.5,175.16666666666666
2018-03-20 17:30:17,45,71,91452,22358.5,175.25
2018-03-20 17:45:12,45,71,91480,22401.333333333332,175.58333333333334
2018-03-20 18:00:11,45,71,91508,22443.833333333332,175.83333333333334
2018-03-20 18:15:13,45,71,91535,22482.666666666668,175.83333333333334
2018-03-20 18:30:19,45,71,91564,22523.0,176.25
2018-03-20 18:45:22,45,71,91597,22560.333333333332,176.41666666666666
2018-03-20 19:00:18,45,71,91628,22595.166666666668,176.66666666666666
2018-03-20 19:15:17,45,71,91649,22629.25,176.91666666666666
2018-03-20 19:30:11,45,71,91683,22659.583333333332,177.08333333333334
2018-03-20 19:45:11,45,71,91713,22699.666666666668,177.25
2018-03-20 20:00:11,45,71,91741,22737.166666666668,177.33333333333334
2018-03-20 20:15:11,45,71,91774,22772.416666666668,177.41666666666666
2018-03-20 20:30:12,45,72,91810,21397.416666666668,173.08333333333334
2018-03-20 20:45:12,45,72,91834,21736.666666666668,178.16666666666666
2018-03-20 21:00:12,45,72,91876,21992.166666666668,179.83333333333334
2018-03-20 21:15:12,45,72,91944,22176.333333333332,181.5
2018-03-20 21:30:12,45,72,91987,22332.083333333332,182.41666666666666
2018-03-20 21:45:11,45,72,92027,22453.083333333332,184.08333333333334
2018-03-20 22:00:10,45,72,92073,22560.083333333332,184.5
2018-03-20 22:15:11,45,72,92093,22643.0,184.75
2018-03-20 22:30:13,45,72,92123,22700.416666666668,185.33333333333334
2018-03-20 22:45:14,45,72,92137,22751.166666666668,185.83333333333334
2018-03-20 23:00:13,45,72,92156,22794.083333333332,186.33333333333334
2018-03-20 23:15:12,45,72,92166,22819.75,186.5
2018-03-20 23:30:12,45,72,92173,22841.416666666668,186.58333333333334
2018-03-20 23:45:11,45,72,92182,22859.666666666668,186.66666666666666
2018-03-21 00:00:10,45,72,92188,22872.083333333332,186.91666666666666
2018-03-21 00:15:12,45,72,92190,22880.5,187.0
2018-03-21 00:30:12,45,72,92198,22887.583333333332,187.0
2018-03-21 00:45:11,45,72,92206,22893.083333333332,187.0
2018-03-21 01:00:12,45,72,92207,22898.416666666668,187.0
2018-03-21 01:15:12,45,72,92212,22901.916666666668,187.0
2018-03-21 01:30:12,45,72,92213,22905.416666666668,187.0
2018-03-21 01:45:13,45,72,92213,22907.75,187.0
2018-03-21 02:00:13,45,72,92212,22909.166666666668,187.0
2018-03-21 02:15:11,45,72,92216,22911.333333333332,187.0
2018-03-21 02:30:12,45,72,92217,22912.583333333332,187.0
2018-03-21 02:45:12,45,72,92221,22914.5,187.0
2018-03-21 03:00:13,45,72,92222,22915.25,187.0
2018-03-21 03:15:12,45,72,92223,22915.75,187.0
2018-03-21 03:30:12,45,72,92226,22916.583333333332,187.0
2018-03-21 03:45:11,45,72,92231,22917.666666666668,187.0
2018-03-21 04:00:12,45,72,92232,22918.25,187.0
2018-03-21 04:15:13,45,72,92231,22919.083333333332,187.0
2018-03-21 04:30:13,45,72,92229,22920.083333333332,187.0
2018-03-21 04:45:12,45,72,92231,22923.333333333332,187.0
2018-03-21 05:00:12,45,72,92231,22924.75,187.0
2018-03-21 05:15:13,45,72,92232,22926.416666666668,187.0
2018-03-21 05:30:12,45,72,92233,22929.416666666668,187.0
2018-03-21 05:45:11,45,72,92232,22934.0,187.0
2018-03-21 06:00:12,45,72,92233,22941.416666666668,187.0
2018-03-21 06:15:11,45,72,92234,22957.0,187.08333333333334
2018-03-21 06:30:11,45,72,92232,22984.416666666668,187.16666666666666
2018-03-21 06:45:11,45,72,92235,23019.5,187.25
2018-03-21 07:00:11,45,72,92246,23063.583333333332,187.41666666666666
2018-03-21 07:15:11,45,72,92255,23100.833333333332,187.83333333333334
2018-03-21 07:30:11,45,72,92261,23133.0,187.83333333333334
2018-03-21 07:45:11,45,72,92266,23156.083333333332,187.83333333333334
2018-03-21 08:00:11,45,72,92273,23170.666666666668,187.83333333333334
2018-03-21 08:15:11,45,72,92274,23185.166666666668,187.83333333333334
2018-03-21 08:30:12,45,72,92273,23197.5,187.91666666666666
2018-03-21 08:45:10,45,72,92287,23207.0,188.0
2018-03-21 09:00:11,45,72,92287,23217.666666666668,188.25
2018-03-21 09:15:11,45,72,92291,23227.166666666668,188.25
2018-03-21 09:30:10,45,72,92296,23238.75,188.33333333333334
2018-03-21 09:45:10,45,72,92299,23250.916666666668,188.33333333333334
2018-03-21 10:00:10,45,72,92302,23259.75,188.33333333333334
2018-03-21 10:15:10,45,72,92303,23268.166666666668,188.33333333333334
2018-03-21 10:30:11,45,72,92306,23276.0,188.33333333333334
2018-03-21 10:45:12,45,72,92314,23284.166666666668,188.33333333333334
2018-03-21 11:00:11,45,72,92315,23293.0,188.33333333333334
2018-03-21 11:15:11,45,72,92317,23301.166666666668,188.41666666666666
2018-03-21 11:30:11,45,72,92327,23309.166666666668,188.41666666666666
2018-03-21 11:45:10,45,73,92333,21363.583333333332,170.41666666666666
2018-03-21 12:00:11,45,73,92342,21484.166666666668,172.08333333333334
2018-03-21 12:15:11,45,73,92359,21578.0,173.41666666666666
2018-03-21 12:30:10,45,73,92360,21666.833333333332,175.08333333333334
2018-03-21 12:45:10,45,73,92363,21753.0,176.41666666666666
2018-03-21 13:00:11,45,73,92369,21840.333333333332,176.83333333333334
2018-03-21 13:15:12,45,73,92388,21925.166666666668,177.08333333333334
2018-03-21 13:30:12,45,73,92405,22029.75,178.41666666666666
2018-03-21 13:45:11,45,73,92423,22135.333333333332,179.75
2018-03-21 14:00:12,45,73,92443,22245.583333333332,181.5
2018-03-21 14:15:12,45,73,92457,22349.5,182.33333333333334
2018-03-21 14:30:11,45,73,92465,22442.25,183.41666666666666
2018-03-21 14:45:12,45,73,92478,22535.666666666668,183.83333333333334
2018-03-21 15:00:11,45,73,92502,22614.583333333332,184.58333333333334
2018-03-21 15:15:12,45,74,92511,20649.833333333332,168.0
2018-03-21 15:30:12,45,74,92519,20849.0,168.83333333333334
2018-03-21 15:45:11,45,74,92540,20997.916666666668,169.58333333333334
2018-03-21 16:00:12,45,74,92551,21151.5,170.41666666666666
2018-03-21 16:15:12,45,74,92576,21287.833333333332,171.08333333333334
2018-03-21 16:30:13,45,74,92600,21413.833333333332,172.33333333333334
2018-03-21 16:45:12,45,74,92623,21529.0,173.08333333333334
2018-03-21 17:00:12,45,74,92634,21632.416666666668,173.5
2018-03-21 17:15:13,45,74,92635,21733.833333333332,174.0
2018-03-21 17:30:12,45,74,92648,21826.833333333332,174.5
2018-03-21 17:45:15,45,74,92674,21906.416666666668,174.91666666666666
2018-03-21 18:00:13,45,74,92701,21982.083333333332,174.91666666666666
2018-03-21 18:15:12,45,74,92723,22046.833333333332,175.33333333333334
2018-03-21 18:30:12,45,74,92721,22112.75,175.33333333333334
2018-03-21 18:45:12,45,74,92733,22174.5,175.41666666666666
2018-03-21 19:00:10,45,74,92741,22231.083333333332,175.66666666666666
2018-03-21 19:15:11,45,74,92762,22282.416666666668,175.58333333333334
2018-03-21 19:30:15,45,74,92788,22335.833333333332,175.58333333333334
2018-03-21 19:45:20,45,74,92796,22390.416666666668,175.83333333333334
2018-03-21 20:00:14,45,74,92847,22443.25,176.33333333333334
2018-03-21 20:15:18,45,74,92965,22506.666666666668,176.41666666666666
2018-03-21 20:30:12,45,74,93065,22565.083333333332,176.5
2018-03-21 20:45:12,45,74,93188,22627.0,176.83333333333334
2018-03-21 21:00:12,45,74,93258,22690.833333333332,177.25
2018-03-21 21:15:13,45,74,93344,22746.583333333332,177.91666666666666
2018-03-21 21:30:10,45,74,93364,22789.666666666668,178.0
2018-03-21 21:45:11,45,74,93361,22827.083333333332,178.33333333333334
2018-03-21 22:00:11,45,74,93362,22858.416666666668,178.58333333333334
2018-03-21 22:15:10,45,74,93363,22888.5,178.58333333333334
2018-03-21 22:30:11,45,74,93367,22913.833333333332,178.83333333333334
2018-03-21 22:45:10,45,74,93380,22935.916666666668,178.91666666666666
2018-03-21 23:00:11,45,74,93387,22953.916666666668,178.91666666666666
2018-03-21 23:15:11,45,74,93386,22966.25,179.0
2018-03-21 23:30:11,45,74,93388,22975.333333333332,179.0
2018-03-21 23:45:11,45,74,93389,22982.916666666668,179.0
2018-03-22 00:00:11,45,74,93391,22987.5,179.0
2018-03-22 00:15:11,45,74,93392,22991.833333333332,179.0
2018-03-22 00:30:12,45,74,93388,22995.5,179.0
2018-03-22 00:45:12,45,74,93384,22997.833333333332,179.0
2018-03-22 01:00:13,45,74,93382,23000.583333333332,179.0
2018-03-22 01:15:12,45,74,93383,23002.916666666668,179.25
2018-03-22 01:30:13,45,74,93385,23003.666666666668,179.25
2018-03-22 01:45:14,45,74,93387,23005.5,179.25
2018-03-22 02:00:13,45,74,93388,23006.833333333332,179.25
2018-03-22 02:15:12,45,74,93389,23007.333333333332,179.25
2018-03-22 02:30:14,45,74,93392,23008.0,179.25
2018-03-22 02:45:13,45,74,93393,23008.416666666668,179.25
2018-03-22 03:00:14,45,74,93393,23009.166666666668,179.25
2018-03-22 03:15:14,45,74,93393,23009.5,179.25
2018-03-22 03:30:14,45,74,93393,23010.166666666668,179.25
2018-03-22 03:45:13,45,74,93394,23010.333333333332,179.25
2018-03-22 04:00:13,45,74,93395,23010.583333333332,179.25
2018-03-22 04:15:12,45,74,93397,23011.5,179.25
2018-03-22 04:30:13,45,74,93399,23011.583333333332,179.25
2018-03-22 04:45:12,45,74,93397,23012.583333333332,179.25
2018-03-22 05:00:12,45,74,93397,23012.75,179.25
2018-03-22 05:15:13,45,74,93397,23014.5,179.25
2018-03-22 05:30:13,45,74,93397,23015.833333333332,179.25
2018-03-22 05:45:13,45,74,93397,23017.333333333332,179.25
2018-03-22 06:00:12,45,74,93397,23021.0,179.25
2018-03-22 06:15:11,45,74,93394,23028.166666666668,179.41666666666666
2018-03-22 06:30:12,45,74,93392,23039.666666666668,179.41666666666666
2018-03-22 06:45:12,45,74,93397,23053.833333333332,179.58333333333334
2018-03-22 07:00:11,45,74,93392,23069.833333333332,179.66666666666666
2018-03-22 07:15:11,45,74,93400,23088.166666666668,179.66666666666666
2018-03-22 07:30:11,45,74,93405,23102.916666666668,179.66666666666666
2018-03-22 07:45:11,45,74,93410,23114.833333333332,179.66666666666666
2018-03-22 08:00:10,45,74,93412,23122.0,179.75
2018-03-22 08:15:10,45,74,93415,23126.916666666668,179.91666666666666
2018-03-22 08:30:12,45,74,93419,23131.833333333332,179.91666666666666
2018-03-22 08:45:12,45,74,93420,23139.25,180.08333333333334
2018-03-22 09:00:14,45,74,93416,23144.916666666668,180.08333333333334
2018-03-22 09:15:11,45,74,93424,23150.25,180.16666666666666
2018-03-22 09:30:11,45,74,93425,23156.083333333332,180.16666666666666
2018-03-22 09:45:10,45,74,93424,23161.5,180.16666666666666
2018-03-22 10:00:11,45,74,93425,23167.666666666668,180.25
2018-03-22 10:15:11,45,75,93420,21826.583333333332,170.41666666666666
2018-03-22 10:30:12,45,75,93421,21906.333333333332,172.16666666666666
2018-03-22 10:45:11,45,75,93420,21957.083333333332,172.5
2018-03-22 11:00:10,45,75,93412,21999.0,172.83333333333334
2018-03-22 11:15:11,45,75,93413,22036.25,173.25
2018-03-22 11:30:11,45,75,93407,22070.666666666668,173.66666666666666
2018-03-22 11:45:11,45,75,93410,22102.833333333332,173.91666666666666
2018-03-22 12:00:11,45,76,93405,19918.083333333332,163.0
2018-03-22 12:15:12,45,78,93392,16560.25,145.08333333333334
2018-03-22 12:30:11,45,78,93382,16795.666666666668,146.66666666666666
2018-03-22 12:45:13,45,78,93377,17010.833333333332,147.58333333333334
2018-03-22 13:00:12,45,78,93360,17209.583333333332,148.41666666666666
2018-03-22 13:15:11,45,78,93365,17406.416666666668,149.58333333333334
2018-03-22 13:30:11,45,78,93367,17621.416666666668,151.08333333333334
2018-03-22 13:45:10,46,78,93363,17855.25,151.66666666666666
2018-03-22 14:00:11,46,78,93371,18086.416666666668,152.0
2018-03-22 14:15:11,46,78,93378,18289.166666666668,154.08333333333334
2018-03-22 14:30:13,46,78,93380,18480.833333333332,154.58333333333334
2018-03-22 14:45:12,46,78,93390,18640.916666666668,154.91666666666666
2018-03-22 15:00:11,46,78,93405,18797.666666666668,155.5
2018-03-22 15:15:12,46,78,93429,18956.5,156.41666666666666
2018-03-22 15:30:12,46,78,93436,19110.75,156.91666666666666
2018-03-22 15:45:12,46,78,93451,19256.166666666668,157.33333333333334
2018-03-22 16:00:11,46,78,93458,19412.0,157.83333333333334
2018-03-22 16:15:11,46,78,93474,19567.916666666668,158.33333333333334
2018-03-22 16:30:11,46,78,93490,19716.166666666668,158.91666666666666
2018-03-22 16:45:11,46,78,93509,19857.416666666668,160.0
2018-03-22 17:00:11,46,78,93522,19983.083333333332,160.16666666666666
2018-03-22 17:15:12,46,78,93532,20104.583333333332,160.58333333333334
2018-03-22 17:30:11,46,78,93548,20218.416666666668,160.83333333333334
2018-03-22 17:45:11,46,78,93569,20332.333333333332,161.33333333333334
2018-03-22 18:00:13,46,78,93571,20424.583333333332,161.83333333333334
2018-03-22 18:15:11,46,78,93588,20513.0,162.16666666666666
2018-03-22 18:30:12,46,78,93603,20599.916666666668,162.33333333333334
2018-03-22 18:45:12,46,78,93625,20677.666666666668,162.33333333333334
2018-03-22 19:00:12,46,78,93641,20751.333333333332,162.91666666666666
2018-03-22 19:15:12,46,78,93673,20828.833333333332,163.08333333333334
2018-03-22 19:30:11,46,78,93702,20906.416666666668,164.5
2018-03-22 19:45:11,46,78,93731,20987.583333333332,165.08333333333334
2018-03-22 20:00:10,46,78,93761,21063.166666666668,165.16666666666666
2018-03-22 20:15:13,46,78,93789,21136.583333333332,165.75
2018-03-22 20:30:12,46,78,93831,21188.333333333332,165.91666666666666
2018-03-22 20:45:12,46,79,94010,19458.833333333332,162.91666666666666
2018-03-22 21:00:11,46,79,94167,19831.583333333332,166.58333333333334
2018-03-22 21:15:12,46,79,94284,20027.416666666668,168.5
2018-03-22 21:30:12,46,79,94357,20143.833333333332,169.16666666666666
2018-03-22 21:45:12,46,80,94468,18693.666666666668,129.16666666666666
2018-03-22 22:00:13,46,81,94844,17043.0,119.83333333333333
2018-03-22 22:15:12,46,81,95388,17876.916666666668,131.16666666666666
2018-03-22 22:30:13,47,81,95676,18243.75,134.41666666666666
2018-03-22 22:45:11,47,81,95883,18542.166666666668,136.25
2018-03-22 23:00:12,47,81,96006,18731.0,137.66666666666666
2018-03-22 23:15:13,47,81,96146,18874.333333333332,138.41666666666666
2018-03-22 23:30:13,47,81,96229,18969.333333333332,138.91666666666666
2018-03-22 23:45:13,47,81,96289,19043.583333333332,139.58333333333334
2018-03-23 00:00:14,47,81,96335,19092.75,139.91666666666666
2018-03-23 00:15:13,47,81,96368,19133.166666666668,140.91666666666666
2018-03-23 00:30:14,47,81,96393,19159.083333333332,141.08333333333334
2018-03-23 00:45:15,47,81,96423,19177.083333333332,141.08333333333334
2018-03-23 01:00:14,47,81,96442,19190.833333333332,141.08333333333334
2018-03-23 01:15:14,47,81,96455,19203.0,141.16666666666666
2018-03-23 01:30:14,47,81,96457,19212.916666666668,141.16666666666666
2018-03-23 01:45:15,47,81,96467,19220.083333333332,141.25
2018-03-23 02:00:14,47,81,96470,19227.916666666668,141.25
2018-03-23 02:15:15,47,81,96480,19234.166666666668,141.41666666666666
2018-03-23 02:30:18,47,81,96480,19239.75,141.33333333333334
2018-03-23 02:45:18,47,81,96483,19242.833333333332,141.41666666666666
2018-03-23 03:00:18,47,81,96491,19245.333333333332,141.33333333333334
2018-03-23 03:15:16,47,81,96492,19248.416666666668,141.33333333333334
2018-03-23 03:30:18,47,81,96496,19251.5,141.41666666666666
2018-03-23 03:45:24,47,81,96500,19254.0,141.5
2018-03-23 04:00:18,47,81,96505,19255.833333333332,141.66666666666666
2018-03-23 04:15:18,47,81,96507,19258.166666666668,141.66666666666666
2018-03-23 04:30:21,47,81,96509,19261.166666666668,141.66666666666666
2018-03-23 04:45:15,47,81,96513,19263.5,141.66666666666666
2018-03-23 05:00:16,47,81,96518,19267.583333333332,141.66666666666666
2018-03-23 05:15:16,47,81,96520,19275.416666666668,141.66666666666666
2018-03-23 05:30:13,47,81,96522,19284.75,141.66666666666666
2018-03-23 05:45:13,47,81,96525,19306.083333333332,141.58333333333334
2018-03-23 06:00:13,47,81,96532,19342.083333333332,141.66666666666666
2018-03-23 06:15:14,47,81,96548,19413.416666666668,141.91666666666666
2018-03-23 06:30:13,47,81,96577,19525.083333333332,142.08333333333334
2018-03-23 06:45:13,47,81,96613,19664.916666666668,142.5
2018-03-23 07:00:14,47,81,96654,19819.833333333332,143.0
2018-03-23 07:15:12,47,81,96692,19969.166666666668,143.41666666666666
2018-03-23 07:30:13,47,81,96734,20082.25,143.75
2018-03-23 07:45:13,47,81,96765,20160.75,144.33333333333334
2018-03-23 08:00:13,47,81,96790,20217.5,144.58333333333334
2018-03-23 08:15:12,47,81,96821,20264.666666666668,144.66666666666666
2018-03-23 08:30:13,47,81,96845,20310.166666666668,144.83333333333334
2018-03-23 08:45:14,47,81,96860,20345.416666666668,144.83333333333334
2018-03-23 09:00:13,47,81,96887,20378.75,144.91666666666666
2018-03-23 09:15:12,47,81,96928,20413.083333333332,145.08333333333334
2018-03-23 09:30:12,47,81,96953,20450.0,145.16666666666666
2018-03-23 09:45:12,47,81,96993,20484.25,145.5
2018-03-23 10:00:14,47,81,97023,20518.25,145.66666666666666
2018-03-23 10:15:14,47,81,97053,20550.0,145.83333333333334
2018-03-23 10:30:13,47,81,97087,20588.416666666668,145.83333333333334
2018-03-23 10:45:12,47,81,97144,20624.75,145.75
2018-03-23 11:00:11,47,81,97197,20665.0,145.83333333333334
2018-03-23 11:15:12,47,81,97242,20700.25,145.83333333333334
2018-03-23 11:30:12,47,81,97287,20745.25,146.16666666666666
2018-03-23 11:45:12,47,81,97335,20783.083333333332,146.08333333333334
2018-03-23 12:00:13,47,81,97381,20836.666666666668,146.16666666666666
2018-03-23 12:15:14,47,81,97429,20894.083333333332,146.5
2018-03-23 12:30:13,47,81,97488,20952.916666666668,146.58333333333334
2018-03-23 12:45:12,47,81,97546,21015.5,146.75
2018-03-23 13:00:13,47,81,97610,21079.0,146.91666666666666
2018-03-23 13:15:11,47,82,97670,19227.25,139.0
2018-03-23 13:30:12,47,82,97763,19470.333333333332,140.41666666666666
2018-03-23 13:45:12,47,82,97849,19675.583333333332,141.16666666666666
2018-03-23 14:00:11,47,82,97945,19856.083333333332,142.0
2018-03-23 14:15:12,47,82,98032,20016.833333333332,142.58333333333334
2018-03-23 14:30:11,47,82,98142,20172.916666666668,142.91666666666666
2018-03-23 14:45:12,47,82,98226,20312.166666666668,143.08333333333334
2018-03-23 15:00:12,47,82,98329,20432.333333333332,143.5
2018-03-23 15:15:12,47,82,98410,20550.25,143.75
2018-03-23 15:30:12,47,82,98503,20659.75,145.25
2018-03-23 15:45:11,47,82,98598,20770.916666666668,145.5
2018-03-23 16:00:14,47,82,98684,20867.416666666668,145.5
2018-03-23 16:15:13,47,82,98759,20954.75,145.66666666666666
2018-03-23 16:30:13,47,82,98853,21038.0,145.91666666666666
2018-03-23 16:45:14,47,83,98924,18701.25,143.16666666666666
2018-03-23 17:00:16,47,83,99011,19094.0,148.66666666666666
2018-03-23 17:15:14,47,83,99056,19387.666666666668,152.58333333333334
2018-03-23 17:30:12,47,84,99130,17511.333333333332,137.91666666666666
2018-03-23 17:45:15,47,84,99192,17930.083333333332,154.41666666666666
2018-03-23 18:00:13,47,84,99315,18251.916666666668,165.91666666666666
2018-03-23 18:15:12,47,84,99405,18513.416666666668,176.75
2018-03-23 18:30:12,47,84,99489,18616.0,181.41666666666666
2018-03-23 18:45:11,48,84,99600,18616.0,181.41666666666666
2018-03-23 19:00:12,48,84,99693,18615.916666666668,181.41666666666666
2018-03-23 19:15:12,48,85,99780,17357.0,201.58333333333334
2018-03-23 19:30:12,48,85,99891,17742.583333333332,215.08333333333334
2018-03-23 19:45:12,48,85,100021,18057.666666666668,229.08333333333334
2018-03-23 20:00:14,48,85,100137,18342.25,236.33333333333334
2018-03-23 20:15:11,48,85,100238,18610.583333333332,240.66666666666666
2018-03-23 20:30:12,48,85,100338,18830.833333333332,243.5
2018-03-23 20:45:11,48,85,100454,19063.083333333332,246.0
2018-03-23 21:00:12,48,85,100580,19283.75,248.75
2018-03-23 21:15:12,48,85,100690,19469.0,250.75
2018-03-23 21:30:12,48,85,100806,19674.0,253.16666666666666
2018-03-23 21:45:12,48,85,100912,19861.416666666668,255.08333333333334
2018-03-23 22:00:11,48,85,101020,20029.416666666668,256.8333333333333
2018-03-23 22:15:11,48,85,101117,20177.166666666668,258.3333333333333
2018-03-23 22:30:12,48,85,101211,20318.5,259.8333333333333
2018-03-23 22:45:12,48,85,101296,20453.75,260.6666666666667
2018-03-23 23:00:15,48,85,101367,20568.5,261.25
2018-03-23 23:15:14,48,85,101433,20660.25,262.5833333333333
2018-03-23 23:30:10,48,85,101494,20735.166666666668,263.3333333333333
2018-03-23 23:45:12,48,85,101540,20795.0,263.6666666666667
2018-03-24 00:00:12,48,85,101570,20842.916666666668,267.25
2018-03-24 00:15:12,48,85,101610,20889.25,273.0
2018-03-24 00:30:12,48,85,101634,20921.666666666668,279.9166666666667
2018-03-24 00:45:13,48,85,101652,20950.333333333332,284.0833333333333
2018-03-24 01:00:12,48,85,101673,20973.25,286.5833333333333
2018-03-24 01:15:16,48,85,101688,20991.083333333332,286.8333333333333
2018-03-24 01:30:17,48,85,101698,21003.0,287.0
2018-03-24 01:45:27,48,85,101712,21015.416666666668,287.1666666666667
2018-03-24 02:00:15,48,85,101718,21026.583333333332,287.1666666666667
2018-03-24 02:15:15,48,85,101725,21033.5,287.3333333333333
2018-03-24 02:30:13,48,85,101732,21039.416666666668,287.75
2018-03-24 02:45:13,48,85,101734,21043.583333333332,287.8333333333333
2018-03-24 03:00:14,48,85,101738,21050.333333333332,287.8333333333333
2018-03-24 03:15:14,48,85,101736,21054.416666666668,287.8333333333333
2018-03-24 03:30:16,48,85,101739,21058.5,287.8333333333333
2018-03-24 03:45:14,48,85,101742,21062.0,287.8333333333333
2018-03-24 04:00:16,48,85,101745,21064.333333333332,287.8333333333333
2018-03-24 04:15:14,48,85,101745,21067.083333333332,287.8333333333333
2018-03-24 04:30:15,48,85,101748,21069.833333333332,287.8333333333333
2018-03-24 04:45:13,48,85,101754,21072.416666666668,287.8333333333333
2018-03-24 05:00:14,48,85,101755,21074.583333333332,287.8333333333333
2018-03-24 05:15:13,48,85,101756,21076.833333333332,287.8333333333333
2018-03-24 05:30:13,48,85,101758,21079.916666666668,287.8333333333333
2018-03-24 05:45:13,48,85,101756,21083.166666666668,288.0
2018-03-24 06:00:11,48,85,101762,21086.916666666668,288.0
2018-03-24 06:15:12,48,85,101765,21093.666666666668,288.1666666666667
2018-03-24 06:30:12,48,85,101771,21103.083333333332,288.25
2018-03-24 06:45:13,48,85,101774,21114.5,288.4166666666667
2018-03-24 07:00:12,48,85,101778,21134.25,289.0
2018-03-24 07:15:12,48,85,101792,21160.0,289.5
2018-03-24 07:30:12,48,85,101811,21193.833333333332,290.9166666666667
2018-03-24 07:45:12,48,85,101838,21230.333333333332,293.8333333333333
2018-03-24 08:00:12,48,86,101856,19980.0,288.5
2018-03-24 08:15:11,48,86,101886,20144.583333333332,290.4166666666667
2018-03-24 08:30:10,48,86,101924,20306.083333333332,292.9166666666667
2018-03-24 08:45:12,48,86,101944,20452.083333333332,295.8333333333333
2018-03-24 09:00:12,48,86,101997,20620.0,298.3333333333333
2018-03-24 09:15:13,48,86,102035,20788.083333333332,304.9166666666667
2018-03-24 09:30:11,48,86,102093,20940.666666666668,307.8333333333333
2018-03-24 09:45:11,48,86,102129,21095.916666666668,311.1666666666667
2018-03-24 10:00:12,48,86,102178,21235.666666666668,313.9166666666667
2018-03-24 10:15:12,48,86,102226,21363.583333333332,315.1666666666667
2018-03-24 10:30:12,48,86,102280,21496.833333333332,316.5833333333333
2018-03-24 10:45:11,48,86,102326,21612.333333333332,318.0833333333333
2018-03-24 11:00:13,48,86,102372,21708.833333333332,319.3333333333333
2018-03-24 11:15:11,48,86,102428,21806.5,321.4166666666667
2018-03-24 11:30:12,48,86,102479,21894.0,322.4166666666667
2018-03-24 11:45:12,48,86,102522,21980.666666666668,323.5
2018-03-24 12:00:11,48,86,102562,22061.25,324.9166666666667
2018-03-24 12:15:11,48,86,102612,22137.166666666668,325.6666666666667
2018-03-24 12:30:11,48,86,102653,22206.583333333332,326.6666666666667
2018-03-24 12:45:12,48,86,102689,22270.0,328.1666666666667
2018-03-24 13:00:11,48,86,102726,22324.416666666668,328.75
2018-03-24 13:15:11,48,86,102763,22380.166666666668,329.4166666666667
2018-03-24 13:30:12,48,86,102801,22432.333333333332,330.1666666666667
2018-03-24 13:45:12,48,86,102835,22481.666666666668,331.0
2018-03-24 14:00:12,48,86,102871,22524.583333333332,331.5833333333333
2018-03-24 14:15:13,48,86,102908,22574.25,332.0833333333333
2018-03-24 14:30:13,48,86,102939,22615.416666666668,333.0
2018-03-24 14:45:15,48,86,102974,22653.666666666668,333.4166666666667
2018-03-24 15:00:11,48,87,103012,21170.5,326.4166666666667
2018-03-24 15:15:11,48,87,103045,21393.416666666668,328.5
2018-03-24 15:30:12,48,87,103076,21538.083333333332,329.0833333333333
2018-03-24 15:45:12,48,87,103097,21651.75,330.4166666666667
2018-03-24 16:00:12,48,87,103138,21758.166666666668,331.1666666666667
2018-03-24 16:15:12,48,87,103173,21850.5,331.9166666666667
2018-03-24 16:30:12,48,87,103205,21936.333333333332,332.75
2018-03-24 16:45:12,48,87,103233,22019.0,333.0833333333333
2018-03-24 17:00:12,48,87,103255,22099.583333333332,333.5833333333333
2018-03-24 17:15:12,48,87,103269,22173.75,333.9166666666667
2018-03-24 17:30:13,48,87,103290,22245.583333333332,334.25
2018-03-24 17:45:11,48,87,103311,22312.666666666668,334.5
2018-03-24 18:00:11,48,87,103341,22383.083333333332,334.8333333333333
2018-03-24 18:15:18,48,87,103359,22445.5,334.9166666666667
2018-03-24 18:30:12,48,87,103394,22509.416666666668,335.1666666666667
2018-03-24 18:45:11,48,87,103420,22568.75,335.75
2018-03-24 19:00:11,48,88,103456,21613.5,338.6666666666667
2018-03-24 19:15:10,48,88,103477,21894.666666666668,341.4166666666667
2018-03-24 19:30:11,48,88,103518,22119.833333333332,343.9166666666667
2018-03-24 19:45:13,48,88,103582,22318.5,345.0833333333333
2018-03-24 20:00:12,48,88,103625,22495.833333333332,346.8333333333333
2018-03-24 20:15:12,48,88,103677,22661.416666666668,348.0833333333333
2018-03-24 20:30:13,48,88,103721,22792.5,349.75
2018-03-24 20:45:13,48,88,103763,22926.333333333332,352.1666666666667
2018-03-24 21:00:13,48,88,103803,23061.166666666668,353.0
2018-03-24 21:15:11,48,88,103850,23175.333333333332,354.25
2018-03-24 21:30:11,48,88,103893,23277.75,354.9166666666667
2018-03-24 21:45:11,48,88,103948,23389.083333333332,355.9166666666667
2018-03-24 22:00:12,48,88,103988,23484.25,356.5833333333333
2018-03-24 22:15:12,48,88,104033,23583.5,358.0
2018-03-24 22:30:11,48,88,104073,23663.916666666668,358.4166666666667
2018-03-24 22:45:14,48,88,104112,23746.25,359.8333333333333
2018-03-24 23:00:11,48,88,104130,23819.333333333332,360.4166666666667
2018-03-24 23:15:12,48,88,104165,23882.666666666668,361.1666666666667
2018-03-24 23:30:12,48,88,104196,23935.166666666668,361.25
2018-03-24 23:45:12,48,88,104220,23985.083333333332,361.9166666666667
2018-03-25 00:00:12,48,88,104243,24026.166666666668,361.9166666666667
2018-03-25 00:15:11,48,88,104265,24059.166666666668,362.25
2018-03-25 00:30:12,48,88,104277,24085.416666666668,362.4166666666667
2018-03-25 00:45:12,48,88,104298,24105.833333333332,362.4166666666667
2018-03-25 01:00:13,48,88,104312,24124.833333333332,362.5833333333333
2018-03-25 01:15:13,48,88,104326,24137.833333333332,362.75
2018-03-25 01:30:13,48,88,104340,24148.75,362.9166666666667
2018-03-25 01:45:13,48,88,104343,24158.25,363.0
2018-03-25 03:00:14,48,88,104357,24169.75,363.0833333333333
2018-03-25 03:15:14,48,88,104358,24176.25,363.1666666666667
2018-03-25 03:30:13,48,88,104363,24182.083333333332,363.1666666666667
2018-03-25 03:45:14,48,88,104367,24187.166666666668,363.1666666666667
2018-03-25 04:00:14,48,88,104366,24191.416666666668,363.4166666666667
2018-03-25 04:15:15,48,88,104369,24196.666666666668,363.5833333333333
2018-03-25 04:30:19,48,88,104371,24200.0,363.5833333333333
2018-03-25 04:45:13,48,88,104374,24203.916666666668,363.5833333333333
2018-03-25 05:00:13,48,88,104376,24205.666666666668,363.5833333333333
2018-03-25 05:15:14,48,88,104380,24208.333333333332,363.5833333333333
2018-03-25 05:30:13,48,88,104382,24210.333333333332,363.6666666666667
2018-03-25 05:45:14,48,88,104382,24212.25,363.6666666666667
2018-03-25 06:00:13,48,88,104384,24215.083333333332,363.6666666666667
2018-03-25 06:15:12,48,88,104387,24217.25,363.6666666666667
2018-03-25 06:30:12,48,88,104387,24219.833333333332,363.6666666666667
2018-03-25 06:45:15,48,88,104388,24222.416666666668,363.6666666666667
2018-03-25 07:00:14,48,88,104390,24224.833333333332,363.6666666666667
2018-03-25 07:15:13,48,88,104390,24228.583333333332,363.75
2018-03-25 07:30:12,48,88,104392,24233.25,363.8333333333333
2018-03-25 07:45:13,48,88,104395,24242.5,363.9166666666667
2018-03-25 08:00:12,48,88,104401,24252.25,364.1666666666667
2018-03-25 08:15:10,48,88,104405,24268.0,364.1666666666667
2018-03-25 08:30:12,48,88,104412,24288.416666666668,364.25
2018-03-25 08:45:11,48,88,104419,24312.583333333332,364.75
2018-03-25 09:00:11,48,88,104434,24338.0,365.0
2018-03-25 09:15:12,48,88,104446,24366.416666666668,365.25
2018-03-25 09:30:11,48,88,104465,24400.5,365.4166666666667
2018-03-25 09:45:11,48,88,104487,24435.5,365.4166666666667
2018-03-25 10:00:12,48,88,104505,24474.25,366.4166666666667
2018-03-25 10:15:11,48,88,104531,24512.666666666668,366.5833333333333
2018-03-25 10:30:12,48,88,104554,24550.583333333332,366.6666666666667
2018-03-25 10:45:10,48,88,104590,24591.666666666668,366.75
2018-03-25 11:00:10,48,88,104622,24633.583333333332,366.9166666666667
2018-03-25 11:15:12,48,88,104642,24669.666666666668,366.9166666666667
2018-03-25 11:30:11,48,88,104680,24711.083333333332,367.0
2018-03-25 11:45:11,48,88,104708,24747.166666666668,367.3333333333333
2018-03-25 12:00:14,48,88,104728,24779.583333333332,367.5
2018-03-25 12:15:11,48,88,104745,24812.833333333332,368.25
2018-03-25 12:30:11,48,88,104762,24849.5,368.4166666666667
2018-03-25 12:45:12,48,88,104805,24881.916666666668,369.0833333333333
2018-03-25 13:00:11,48,88,104839,24914.333333333332,369.4166666666667
2018-03-25 13:15:11,48,88,104857,24946.75,369.75
2018-03-25 13:30:12,48,88,104890,24977.333333333332,369.75
2018-03-25 13:45:10,48,88,104925,25003.583333333332,369.9166666666667
2018-03-25 14:00:12,48,88,104949,25032.916666666668,370.1666666666667
2018-03-25 14:15:11,48,88,104977,25054.583333333332,370.4166666666667
2018-03-25 14:30:11,48,88,105007,25079.25,370.8333333333333
2018-03-25 14:45:11,48,88,105036,25098.833333333332,371.0
2018-03-25 15:00:11,48,89,105055,23196.833333333332,361.5
2018-03-25 15:15:13,48,90,105077,21786.333333333332,356.3333333333333
2018-03-25 15:30:12,48,90,105103,22011.75,358.5833333333333
2018-03-25 15:45:11,48,90,105132,22169.083333333332,360.0833333333333
2018-03-25 16:00:11,48,90,105144,22305.083333333332,361.4166666666667
2018-03-25 16:15:13,48,90,105299,22432.5,361.8333333333333
2018-03-25 16:30:12,48,90,105439,22548.083333333332,362.3333333333333
2018-03-25 16:45:15,48,90,105566,22654.333333333332,363.1666666666667
2018-03-25 17:00:12,48,90,105673,22758.416666666668,364.0
2018-03-25 17:15:12,48,90,105770,22857.083333333332,364.75
2018-03-25 17:30:11,48,90,105844,22953.0,365.6666666666667
2018-03-25 17:45:14,48,90,105869,23044.083333333332,366.3333333333333
2018-03-25 18:00:17,48,90,105904,23132.75,367.1666666666667
2018-03-25 18:15:13,48,90,105916,23208.333333333332,367.5833333333333
2018-03-25 18:30:16,48,90,105947,23276.666666666668,368.0
2018-03-25 18:45:18,48,90,105977,23345.25,368.0833333333333
2018-03-25 19:00:18,48,90,106004,23411.333333333332,368.4166666666667
2018-03-25 19:15:14,48,90,106031,23474.333333333332,368.6666666666667
2018-03-25 19:30:12,48,90,106061,23532.666666666668,368.75
2018-03-25 19:45:14,48,90,106102,23592.5,369.0833333333333
2018-03-25 20:00:12,48,90,106127,23642.833333333332,370.0
2018-03-25 20:15:12,48,90,106156,23699.083333333332,370.5833333333333
2018-03-25 20:30:11,48,90,106192,23749.583333333332,371.0833333333333
2018-03-25 20:45:11,48,90,106223,23807.0,371.5833333333333
2018-03-25 21:00:12,48,90,106269,23860.416666666668,371.75
2018-03-25 21:15:12,48,90,106320,23911.916666666668,372.0
2018-03-25 21:30:13,48,90,106349,23960.0,372.5833333333333
2018-03-25 21:45:13,48,90,106382,24003.666666666668,373.4166666666667
2018-03-25 22:00:13,48,90,106414,24045.583333333332,373.5833333333333
2018-03-25 22:15:13,48,90,106441,24090.833333333332,373.9166666666667
2018-03-25 22:30:15,48,90,106474,24128.583333333332,374.3333333333333
2018-03-25 22:45:14,48,90,106516,24163.25,374.4166666666667
2018-03-25 23:00:13,49,90,106554,24194.833333333332,374.6666666666667
2018-03-25 23:15:12,49,90,106581,24224.416666666668,374.75
2018-03-25 23:30:13,49,90,106604,24244.0,374.75
2018-03-25 23:45:12,49,90,106621,24263.416666666668,374.75
2018-03-26 00:00:11,49,90,106647,24282.166666666668,375.0
2018-03-26 00:15:12,49,90,106658,24295.916666666668,375.0
2018-03-26 00:30:12,49,90,106673,24307.416666666668,375.0833333333333
2018-03-26 00:45:12,49,90,106690,24317.25,375.0833333333333
2018-03-26 01:00:13,49,90,106704,24324.666666666668,375.0833333333333
2018-03-26 01:15:14,49,90,106712,24332.333333333332,375.8333333333333
2018-03-26 01:30:14,49,90,106722,24336.833333333332,375.9166666666667
2018-03-26 01:45:13,49,90,106724,24339.5,376.0
2018-03-26 02:00:16,49,90,106735,24341.666666666668,376.0
2018-03-26 02:15:15,49,90,106736,24343.583333333332,376.0
2018-03-26 02:30:16,49,90,106740,24345.75,376.25
2018-03-26 02:45:14,49,90,106744,24346.666666666668,376.3333333333333
2018-03-26 03:00:17,49,90,106746,24348.166666666668,376.3333333333333
2018-03-26 03:15:14,49,90,106749,24349.5,376.3333333333333
2018-03-26 03:30:16,49,90,106748,24349.916666666668,376.3333333333333
2018-03-26 03:45:15,49,90,106750,24350.416666666668,376.3333333333333
2018-03-26 04:00:14,49,90,106750,24351.083333333332,376.3333333333333
2018-03-26 04:15:13,49,90,106752,24351.166666666668,376.3333333333333
2018-03-26 04:30:14,49,90,106753,24352.0,376.1666666666667
2018-03-26 04:45:14,49,90,106755,24352.5,376.1666666666667
2018-03-26 05:00:13,49,90,106757,24353.166666666668,376.1666666666667
2018-03-26 05:15:12,49,90,106755,24354.083333333332,376.1666666666667
2018-03-26 05:30:13,49,90,106756,24354.583333333332,376.25
2018-03-26 05:45:13,49,90,106759,24356.0,376.25
2018-03-26 06:00:14,49,90,106759,24357.25,376.25
2018-03-26 06:15:13,49,90,106759,24358.583333333332,376.25
2018-03-26 06:30:12,49,90,106764,24361.25,376.25
2018-03-26 06:45:14,49,90,106766,24368.5,376.25
2018-03-26 07:00:12,49,90,106762,24374.083333333332,376.3333333333333
2018-03-26 07:15:13,49,90,106766,24378.083333333332,376.3333333333333
2018-03-26 07:30:12,49,90,106769,24381.5,376.4166666666667
2018-03-26 07:45:12,49,90,106765,24387.333333333332,376.4166666666667
2018-03-26 08:00:12,49,90,106774,24393.166666666668,376.5
2018-03-26 08:15:12,49,90,106784,24404.416666666668,376.5833333333333
2018-03-26 08:30:12,49,90,106782,24410.916666666668,376.6666666666667
2018-03-26 08:45:11,49,90,106791,24420.666666666668,376.75
2018-03-26 09:00:11,49,90,106794,24434.75,377.0833333333333
2018-03-26 09:15:12,49,90,106804,24444.0,377.0833333333333
2018-03-26 09:30:12,49,90,106829,24456.916666666668,377.1666666666667
2018-03-26 09:45:11,49,90,106848,24473.25,377.1666666666667
2018-03-26 10:00:11,49,90,106862,24490.083333333332,377.1666666666667
2018-03-26 10:15:11,49,90,106880,24507.166666666668,377.25
2018-03-26 10:30:12,49,90,106902,24521.333333333332,377.3333333333333
2018-03-26 10:45:12,49,90,106936,24538.583333333332,377.3333333333333
2018-03-26 11:00:11,49,90,106952,24559.583333333332,377.75
2018-03-26 11:15:12,49,91,106967,22865.25,364.8333333333333
2018-03-26 11:30:12,49,91,106977,23011.166666666668,365.6666666666667
2018-03-26 11:45:12,49,91,107001,23123.916666666668,366.5
2018-03-26 12:00:11,49,91,107024,23223.833333333332,367.0
2018-03-26 12:15:11,49,91,107059,23316.666666666668,367.3333333333333
2018-03-26 12:30:10,49,91,107083,23396.5,367.5
2018-03-26 12:45:11,49,91,107106,23469.333333333332,367.9166666666667
2018-03-26 13:00:11,49,91,107127,23538.166666666668,368.1666666666667
2018-03-26 13:15:11,49,90,107140,24690.833333333332,378.75
2018-03-26 13:30:12,49,91,107168,22972.0,366.3333333333333
2018-03-26 13:45:11,49,91,107200,23181.916666666668,367.9166666666667
2018-03-26 14:00:11,49,91,107221,23331.833333333332,368.3333333333333
2018-03-26 14:15:12,49,91,107240,23445.583333333332,369.1666666666667
2018-03-26 14:30:12,49,91,107267,23550.5,369.75
2018-03-26 14:45:12,49,91,107288,23648.416666666668,370.0833333333333
2018-03-26 15:00:12,49,91,107318,23731.916666666668,370.5
2018-03-26 15:15:11,49,92,107340,21553.75,362.0833333333333
2018-03-26 15:30:12,49,92,107374,21763.416666666668,363.4166666666667
2018-03-26 15:45:12,49,92,107396,21925.0,365.0
2018-03-26 16:00:11,49,92,107421,22064.25,365.8333333333333
2018-03-26 16:15:11,49,92,107442,22193.666666666668,366.3333333333333
2018-03-26 16:30:13,49,92,107469,22313.333333333332,366.8333333333333
2018-03-26 16:45:12,49,92,107488,22426.833333333332,366.9166666666667
2018-03-26 17:00:13,49,93,107508,20228.333333333332,346.0
2018-03-26 17:15:13,49,93,107543,20434.833333333332,346.5
2018-03-26 17:30:13,49,93,107571,20606.75,347.0833333333333
2018-03-26 17:45:15,49,93,107601,20764.666666666668,347.75
2018-03-26 18:00:11,49,93,107630,20906.0,348.25
2018-03-26 18:15:11,49,93,107633,21032.75,348.8333333333333
2018-03-26 18:30:12,49,93,107660,21146.25,349.3333333333333
2018-03-26 18:45:14,49,93,107683,21264.333333333332,349.5833333333333
2018-03-26 19:00:13,49,93,107711,21362.416666666668,349.9166666666667
2018-03-26 19:15:12,49,93,107738,21458.25,350.1666666666667
2018-03-26 19:30:13,49,93,107760,21551.416666666668,350.5
2018-03-26 19:45:14,49,93,107780,21639.916666666668,350.9166666666667
2018-03-26 20:00:11,49,93,107813,21722.916666666668,351.3333333333333
2018-03-26 20:15:12,49,93,107841,21812.333333333332,351.5833333333333
2018-03-26 20:30:12,49,93,107862,21899.25,352.1666666666667
2018-03-26 20:45:11,49,93,107882,21967.333333333332,352.75
2018-03-26 21:00:12,49,94,107904,20650.916666666668,348.75
2018-03-26 21:15:12,49,94,107930,20888.916666666668,349.1666666666667
2018-03-26 21:30:11,49,94,107946,21067.333333333332,349.75
2018-03-26 21:45:12,49,94,107962,21217.5,350.4166666666667
2018-03-26 22:00:12,49,94,107984,21350.416666666668,350.75
2018-03-26 22:15:12,49,94,108019,21463.166666666668,351.0833333333333
2018-03-26 22:30:15,49,94,108046,21562.25,351.4166666666667
2018-03-26 22:45:11,49,94,108070,21642.416666666668,351.5
2018-03-26 23:00:13,49,94,108086,21722.583333333332,351.5833333333333
2018-03-26 23:15:11,49,94,108101,21786.166666666668,352.1666666666667
2018-03-26 23:30:13,49,94,108116,21835.333333333332,352.4166666666667
2018-03-26 23:45:12,49,94,108130,21877.666666666668,353.0
2018-03-27 00:00:12,49,94,108140,21918.75,353.25
2018-03-27 00:15:12,49,94,108157,21945.416666666668,353.3333333333333
2018-03-27 00:30:11,49,94,108162,21972.583333333332,353.4166666666667
2018-03-27 00:45:12,49,94,108173,21990.416666666668,353.5833333333333
2018-03-27 01:00:12,49,94,108171,22005.333333333332,353.5833333333333
2018-03-27 01:15:13,49,94,108179,22020.833333333332,353.6666666666667
2018-03-27 01:30:14,49,94,108181,22033.333333333332,353.8333333333333
2018-03-27 01:45:14,49,94,108187,22042.5,354.0
2018-03-27 02:00:12,49,94,108192,22050.0,354.0
2018-03-27 02:15:11,49,94,108191,22056.333333333332,354.0
2018-03-27 02:30:13,49,94,108193,22061.083333333332,354.0
2018-03-27 02:45:14,49,94,108193,22063.583333333332,354.0
2018-03-27 03:00:14,49,94,108194,22067.0,354.0
2018-03-27 03:15:13,49,94,108192,22068.833333333332,354.0833333333333
2018-03-27 03:30:14,49,94,108193,22070.416666666668,354.0
2018-03-27 03:45:13,49,94,108194,22071.583333333332,354.0833333333333
2018-03-27 04:00:14,49,94,108192,22073.416666666668,354.0
2018-03-27 04:15:13,49,94,108193,22075.0,354.0833333333333
2018-03-27 04:30:13,49,94,108194,22076.333333333332,354.0833333333333
2018-03-27 04:45:14,49,94,108195,22077.666666666668,354.0
2018-03-27 05:00:14,49,94,108195,22079.166666666668,354.1666666666667
2018-03-27 05:15:13,49,94,108195,22081.166666666668,354.1666666666667
2018-03-27 05:30:13,49,94,108195,22082.666666666668,354.1666666666667
2018-03-27 05:45:14,49,94,108195,22085.5,354.1666666666667
2018-03-27 06:00:12,49,94,108193,22088.75,354.1666666666667
2018-03-27 06:15:15,49,94,108193,22094.0,354.1666666666667
2018-03-27 06:30:12,49,94,108194,22102.666666666668,354.1666666666667
2018-03-27 06:45:13,49,94,108196,22110.416666666668,354.1666666666667
2018-03-27 07:00:12,49,94,108197,22122.083333333332,354.1666666666667
2018-03-27 07:15:11,49,94,108201,22138.0,354.0833333333333
2018-03-27 07:30:13,49,94,108207,22150.416666666668,354.1666666666667
2018-03-27 07:45:11,49,94,108214,22167.916666666668,354.1666666666667
2018-03-27 08:00:12,49,94,108218,22187.75,354.0833333333333
2018-03-27 08:15:12,49,94,108223,22211.083333333332,354.1666666666667
2018-03-27 08:30:13,49,94,108227,22234.083333333332,354.25
2018-03-27 08:45:13,49,94,108239,22259.916666666668,354.25
2018-03-27 09:00:13,49,94,108249,22284.25,354.25
2018-03-27 09:15:13,49,94,108254,22315.5,354.4166666666667
2018-03-27 09:30:13,49,94,108252,22344.583333333332,354.75
2018-03-27 09:45:12,49,94,108258,22375.75,355.0833333333333
2018-03-27 10:00:11,49,94,108271,22402.083333333332,355.4166666666667
2018-03-27 10:15:11,49,94,108283,22435.5,355.8333333333333
2018-03-27 10:30:10,49,94,108291,22465.25,356.0
2018-03-27 10:45:12,49,96,108295,17325.166666666668,169.5
2018-03-27 11:00:10,49,96,108296,17689.416666666668,171.33333333333334
2018-03-27 11:15:11,49,96,108307,17958.75,172.25
2018-03-27 11:30:11,49,96,108313,18169.0,173.33333333333334
2018-03-27 11:45:12,49,96,108317,18361.916666666668,173.91666666666666
2018-03-27 12:00:11,49,96,108330,18535.0,174.58333333333334
2018-03-27 12:15:11,49,96,108345,18682.916666666668,174.91666666666666
2018-03-27 12:30:11,49,96,108381,18827.5,175.33333333333334
2018-03-27 12:45:10,49,96,108394,18967.5,175.83333333333334
2018-03-27 13:00:17,49,96,108412,19098.75,176.66666666666666
2018-03-27 13:15:13,49,96,108429,19202.333333333332,177.5
2018-03-27 13:30:14,49,96,108445,19297.416666666668,177.75
2018-03-27 13:45:12,49,96,108457,19388.583333333332,178.33333333333334
2018-03-27 14:00:11,49,96,108469,19474.666666666668,178.33333333333334
2018-03-27 14:15:11,49,96,108495,19551.583333333332,178.75
2018-03-27 14:30:11,49,96,108507,19632.583333333332,178.91666666666666
2018-03-27 14:45:11,49,96,108524,19700.75,179.08333333333334
2018-03-27 15:00:13,49,96,108537,19766.0,179.41666666666666
2018-03-27 15:15:12,49,96,108563,19829.833333333332,179.75
2018-03-27 15:30:15,49,96,108575,19892.166666666668,180.08333333333334
2018-03-27 15:45:11,49,96,108597,19948.75,180.25
2018-03-27 16:00:12,49,96,108616,20007.416666666668,180.41666666666666
2018-03-27 16:15:10,49,99,108621,14417.666666666666,115.0
2018-03-27 16:30:12,49,99,108633,14815.166666666666,116.5
2018-03-27 16:45:12,49,99,108635,15130.083333333334,118.66666666666667
2018-03-27 17:00:11,49,99,108642,15373.333333333334,119.5
2018-03-27 17:15:13,49,99,108663,15586.25,120.58333333333333
2018-03-27 17:30:12,49,99,108670,15786.583333333334,120.66666666666667
2018-03-27 17:45:12,49,99,108691,15979.666666666666,121.0
2018-03-27 18:00:12,49,99,108702,16153.75,121.16666666666667
2018-03-27 18:15:12,49,99,108704,16309.0,121.83333333333333
2018-03-27 18:30:12,49,99,108740,16444.333333333332,122.0
2018-03-27 18:45:13,49,99,108770,16576.083333333332,122.16666666666667
2018-03-27 19:00:11,49,100,108790,13904.333333333334,90.66666666666667
2018-03-27 19:15:11,49,100,108808,14195.0,91.75
2018-03-27 19:30:11,49,100,108832,14404.833333333334,92.25
2018-03-27 19:45:11,49,100,108860,14598.583333333334,92.58333333333333
2018-03-27 20:00:11,49,100,108895,14768.0,93.41666666666667
2018-03-27 20:15:14,49,100,109007,14935.666666666666,94.0
2018-03-27 20:30:12,49,100,109115,15081.583333333334,94.41666666666667
2018-03-27 20:45:12,49,100,109192,15232.25,94.41666666666667
2018-03-27 21:00:11,49,100,109261,15367.166666666666,95.41666666666667
2018-03-27 21:15:12,49,100,109295,15496.75,96.16666666666667
2018-03-27 21:30:12,49,100,109316,15613.5,96.66666666666667
2018-03-27 21:45:12,49,100,109328,15717.333333333334,96.83333333333333
2018-03-27 22:00:11,49,100,109359,15814.916666666666,97.41666666666667
2018-03-27 22:15:11,49,100,109392,15906.083333333334,97.75
2018-03-27 22:30:12,49,100,109412,15984.166666666666,98.0
2018-03-27 22:45:13,49,100,109434,16056.5,98.08333333333333
2018-03-27 23:00:11,49,100,109456,16125.416666666666,98.5
2018-03-27 23:15:14,49,100,109485,16180.416666666666,98.58333333333333
2018-03-27 23:30:14,49,100,109506,16223.166666666666,98.58333333333333
2018-03-27 23:45:11,49,100,109528,16268.25,98.58333333333333
2018-03-28 00:00:14,49,100,109534,16301.083333333334,98.58333333333333
2018-03-28 00:15:24,49,100,109546,16332.25,99.16666666666667
2018-03-28 00:30:18,49,100,109559,16356.833333333334,99.5
2018-03-28 00:45:16,49,100,109570,16377.25,99.91666666666667
2018-03-28 01:00:15,49,100,109579,16389.416666666668,99.91666666666667
2018-03-28 01:15:16,49,100,109577,16399.5,99.91666666666667
2018-03-28 01:30:17,49,100,109577,16408.833333333332,99.91666666666667
2018-03-28 01:45:16,49,100,109578,16415.5,99.91666666666667
2018-03-28 02:00:13,49,100,109582,16423.25,99.91666666666667
2018-03-28 02:15:15,49,100,109589,16428.416666666668,99.91666666666667
2018-03-28 02:30:16,49,100,109588,16431.666666666668,99.91666666666667
2018-03-28 02:45:15,49,100,109588,16434.583333333332,99.91666666666667
2018-03-28 03:00:15,49,100,109594,16438.166666666668,99.91666666666667
2018-03-28 03:15:14,49,100,109597,16440.0,99.91666666666667
2018-03-28 03:30:14,49,100,109597,16443.166666666668,99.91666666666667
2018-03-28 03:45:14,49,100,109602,16445.416666666668,99.91666666666667
2018-03-28 04:00:14,49,100,109604,16446.75,99.91666666666667
2018-03-28 04:15:13,49,100,109604,16449.083333333332,99.91666666666667
2018-03-28 04:30:12,49,100,109603,16451.916666666668,99.91666666666667
2018-03-28 04:45:13,49,100,109606,16454.166666666668,99.91666666666667
2018-03-28 05:00:13,49,100,109606,16455.916666666668,99.91666666666667
2018-03-28 05:15:13,49,100,109608,16456.5,99.91666666666667
2018-03-28 05:30:11,49,100,109608,16458.25,99.91666666666667
2018-03-28 05:45:13,49,100,109608,16460.666666666668,99.91666666666667
2018-03-28 06:00:12,49,100,109608,16463.416666666668,99.91666666666667
2018-03-28 06:15:13,49,100,109609,16470.666666666668,99.91666666666667
2018-03-28 06:30:12,49,100,109610,16476.0,99.91666666666667
2018-03-28 06:45:11,49,100,109613,16483.666666666668,99.91666666666667
2018-03-28 07:00:12,49,100,109612,16495.833333333332,99.91666666666667
2018-03-28 07:15:12,49,100,109612,16507.75,99.91666666666667
2018-03-28 07:30:12,49,100,109613,16522.666666666668,99.91666666666667
2018-03-28 07:45:12,49,100,109615,16535.75,99.91666666666667
2018-03-28 08:00:11,49,100,109610,16554.833333333332,99.91666666666667
2018-03-28 08:15:10,49,100,109613,16571.75,99.91666666666667
2018-03-28 08:30:12,49,100,109614,16596.083333333332,99.91666666666667
2018-03-28 08:45:13,49,100,109625,16621.416666666668,100.0
2018-03-28 09:00:11,49,100,109626,16645.166666666668,100.08333333333333
2018-03-28 09:15:12,49,100,109634,16677.833333333332,100.41666666666667
2018-03-28 09:30:12,49,100,109643,16711.166666666668,100.5
2018-03-28 09:45:11,49,100,109646,16747.416666666668,100.75
2018-03-28 10:00:12,49,100,109645,16784.666666666668,100.91666666666667
2018-03-28 10:15:12,49,100,109657,16822.0,101.0
2018-03-28 10:30:11,49,100,109663,16859.25,101.0
2018-03-28 10:45:11,49,101,109672,15431.583333333334,88.41666666666667
2018-03-28 11:00:10,49,101,109672,15685.916666666666,93.08333333333333
2018-03-28 11:15:12,49,101,109676,15874.833333333334,96.5
2018-03-28 11:30:11,49,101,109689,16021.416666666666,98.16666666666667
2018-03-28 11:45:12,49,101,109697,16150.666666666666,98.91666666666667
2018-03-28 12:00:11,49,101,109709,16268.583333333334,100.0
2018-03-28 12:15:11,49,102,109718,15239.333333333334,92.41666666666667
2018-03-28 12:30:13,49,102,109729,15529.416666666666,96.0
2018-03-28 12:45:12,49,102,109734,15767.666666666666,97.75
2018-03-28 13:00:12,49,102,109743,15968.166666666666,99.41666666666667
2018-03-28 13:15:12,49,102,109759,16136.666666666666,100.41666666666667
2018-03-28 13:30:12,49,102,109773,16280.916666666666,101.25
2018-03-28 13:45:10,49,102,109779,16417.416666666668,101.75
2018-03-28 14:00:12,49,102,109796,16541.666666666668,102.41666666666667
2018-03-28 14:15:13,49,102,109806,16658.666666666668,103.0
2018-03-28 14:30:12,49,102,109816,16759.833333333332,103.41666666666667
2018-03-28 14:45:12,49,102,109841,16845.25,104.08333333333333
2018-03-28 15:00:12,49,103,109854,15017.5,96.0
2018-03-28 15:15:13,49,103,109864,15240.833333333334,97.66666666666667
2018-03-28 15:30:12,49,103,109875,15417.333333333334,98.58333333333333
2018-03-28 15:45:13,49,103,109885,15573.166666666666,99.83333333333333
2018-03-28 16:00:11,49,103,109894,15705.583333333334,100.16666666666667
2018-03-28 16:15:12,49,103,109903,15823.25,100.5
2018-03-28 16:30:12,49,103,109916,15939.0,100.83333333333333
2018-03-28 16:45:11,49,104,109934,14696.25,93.58333333333333
2018-03-28 17:00:10,49,104,109930,14933.5,95.25
2018-03-28 17:15:11,49,104,109937,15125.833333333334,95.41666666666667
2018-03-28 17:30:11,49,104,109945,15305.75,95.91666666666667
2018-03-28 17:45:11,49,104,109958,15465.25,96.5
2018-03-28 18:00:11,49,104,109970,15605.583333333334,97.08333333333333
2018-03-28 18:15:11,49,104,109956,15737.5,97.91666666666667
2018-03-28 18:30:11,49,105,109966,14538.5,93.5
2018-03-28 18:45:13,49,105,109980,14831.333333333334,96.33333333333333
2018-03-28 19:00:11,49,105,109994,15068.0,97.83333333333333
2018-03-28 19:15:12,49,105,110004,15278.416666666666,98.83333333333333
2018-03-28 19:30:12,49,105,110025,15458.083333333334,99.83333333333333
2018-03-28 19:45:10,49,105,110030,15629.583333333334,100.58333333333333
2018-03-28 20:00:10,49,105,110041,15791.583333333334,101.33333333333333
2018-03-28 20:15:11,49,105,110048,15947.25,101.75
2018-03-28 20:30:11,49,106,110057,14622.416666666666,97.0
2018-03-28 20:45:12,49,106,110072,14953.833333333334,98.58333333333333
2018-03-28 21:00:11,49,106,110068,15201.5,99.33333333333333
2018-03-28 21:15:11,49,106,110087,15414.083333333334,100.0
2018-03-28 21:30:11,49,106,110101,15606.166666666666,101.25
2018-03-28 21:45:14,49,106,110121,15777.166666666666,102.41666666666667
2018-03-28 22:00:11,49,106,110143,15934.166666666666,103.33333333333333
2018-03-28 22:15:11,49,106,110140,16077.333333333334,103.66666666666667
2018-03-28 22:30:12,49,106,110149,16194.416666666666,103.83333333333333
2018-03-28 22:45:10,49,106,110165,16311.416666666666,104.41666666666667
2018-03-28 23:00:13,49,106,110181,16409.333333333332,104.75
2018-03-28 23:15:10,49,106,110188,16497.0,105.08333333333333
2018-03-28 23:30:11,49,106,110201,16585.333333333332,105.25
2018-03-28 23:45:13,49,106,110209,16649.666666666668,105.75
2018-03-29 00:00:15,49,106,110224,16707.0,106.25
2018-03-29 00:15:13,49,106,110223,16749.666666666668,106.33333333333333
2018-03-29 00:30:14,49,106,110226,16784.416666666668,106.58333333333333
2018-03-29 00:45:12,49,106,110229,16810.083333333332,106.83333333333333
2018-03-29 01:00:14,49,106,110233,16833.166666666668,106.91666666666667
2018-03-29 01:15:18,49,106,110235,16849.416666666668,106.91666666666667
2018-03-29 01:30:16,49,106,110240,16864.083333333332,106.91666666666667
2018-03-29 01:45:15,49,106,110242,16875.0,107.0
2018-03-29 02:00:14,49,106,110245,16882.75,107.0
2018-03-29 02:15:15,49,106,110249,16891.583333333332,107.0
2018-03-29 02:30:16,49,106,110252,16898.166666666668,107.0
2018-03-29 02:45:15,49,106,110255,16904.583333333332,107.0
2018-03-29 03:00:17,49,106,110256,16911.666666666668,107.0
2018-03-29 03:15:18,49,106,110258,16915.75,107.0
2018-03-29 03:30:15,49,106,110258,16919.25,107.0
2018-03-29 03:45:16,49,106,110258,16921.5,107.0
2018-03-29 04:00:19,49,106,110256,16923.666666666668,107.0
2018-03-29 04:15:15,49,106,110256,16927.833333333332,107.0
2018-03-29 04:30:16,49,106,110255,16928.666666666668,107.0
2018-03-29 04:45:15,49,106,110257,16930.916666666668,107.0
2018-03-29 05:00:16,49,106,110258,16932.916666666668,107.0
2018-03-29 05:15:15,49,106,110260,16934.833333333332,107.16666666666667
2018-03-29 05:30:14,49,106,110263,16936.75,107.16666666666667
2018-03-29 05:45:15,49,106,110265,16939.833333333332,107.16666666666667
2018-03-29 06:00:14,49,106,110267,16942.666666666668,107.16666666666667
2018-03-29 06:15:13,49,106,110267,16945.916666666668,107.16666666666667
2018-03-29 06:30:15,49,106,110265,16950.166666666668,107.16666666666667
2018-03-29 06:45:15,49,106,110268,16961.166666666668,107.25
2018-03-29 07:00:13,49,106,110268,16970.166666666668,107.33333333333333
2018-03-29 07:15:14,49,106,110271,16982.583333333332,107.5
2018-03-29 07:30:13,49,106,110272,17002.5,107.66666666666667
2018-03-29 07:45:13,49,106,110273,17018.833333333332,107.66666666666667
2018-03-29 08:00:13,49,106,110276,17037.25,107.66666666666667
2018-03-29 08:15:13,49,106,110281,17063.833333333332,107.91666666666667
2018-03-29 08:30:12,49,106,110288,17096.0,108.08333333333333
2018-03-29 08:45:13,49,106,110291,17125.916666666668,108.16666666666667
2018-03-29 09:00:13,49,106,110295,17162.166666666668,108.66666666666667
2018-03-29 09:15:12,49,106,110299,17198.083333333332,108.75
2018-03-29 09:30:13,49,106,110302,17238.833333333332,109.0
2018-03-29 09:45:12,49,106,110306,17284.0,109.08333333333333
2018-03-29 10:00:13,49,106,110319,17325.916666666668,109.41666666666667
2018-03-29 10:15:11,49,106,110324,17367.666666666668,109.41666666666667
2018-03-29 10:30:12,49,106,110334,17409.666666666668,109.5
2018-03-29 10:45:12,49,106,110337,17448.166666666668,109.66666666666667
2018-03-29 11:00:11,49,106,110346,17482.916666666668,110.0
2018-03-29 11:15:12,49,106,110360,17516.583333333332,110.16666666666667
2018-03-29 11:30:11,49,106,110370,17549.083333333332,110.75
2018-03-29 11:45:14,49,106,110374,17578.5,110.83333333333333
2018-03-29 12:00:13,49,107,110375,15971.75,106.16666666666667
2018-03-29 12:15:12,49,107,110381,16172.583333333334,108.16666666666667
2018-03-29 12:30:12,49,107,110389,16330.25,109.91666666666667
2018-03-29 12:45:12,49,107,110403,16469.416666666668,111.58333333333333
2018-03-29 13:00:12,49,107,110415,16588.416666666668,112.25
2018-03-29 13:15:13,49,107,110432,16693.916666666668,112.66666666666667
2018-03-29 13:30:12,49,107,110435,16786.75,113.33333333333333
2018-03-29 13:45:12,49,107,110448,16867.75,113.83333333333333
2018-03-29 14:00:11,49,107,110457,16940.916666666668,114.08333333333333
2018-03-29 14:15:11,49,107,110482,17005.833333333332,114.25
2018-03-29 14:30:11,49,108,110502,15410.916666666666,108.58333333333333
2018-03-29 14:45:11,49,108,110513,15653.0,109.75
2018-03-29 15:00:12,49,108,110532,15818.166666666666,110.66666666666667
2018-03-29 15:15:10,49,108,110543,15964.75,111.66666666666667
2018-03-29 15:30:11,49,108,110559,16091.25,111.91666666666667
2018-03-29 15:45:11,49,108,110569,16208.25,112.16666666666667
2018-03-29 16:00:12,49,108,110582,16316.833333333334,112.41666666666667
2018-03-29 16:15:11,49,108,110598,16417.666666666668,112.66666666666667
2018-03-29 16:30:11,49,108,110613,16506.333333333332,113.0
2018-03-29 16:45:11,49,108,110620,16588.166666666668,113.16666666666667
2018-03-29 17:00:11,49,108,110634,16676.166666666668,113.83333333333333
2018-03-29 17:15:12,49,109,110647,15478.0,108.5
2018-03-29 17:30:16,49,109,110661,15680.083333333334,109.75
2018-03-29 17:45:17,49,109,110670,15838.166666666666,110.33333333333333
2018-03-29 18:00:17,49,109,110686,15973.0,111.0
2018-03-29 18:15:14,49,109,110683,16090.833333333334,111.33333333333333
2018-03-29 18:30:49,49,109,110687,16190.583333333334,111.66666666666667
2018-03-29 18:45:27,49,109,110703,16283.0,112.25
2018-03-29 19:00:16,49,109,110718,16374.916666666666,112.41666666666667
2018-03-29 19:15:17,49,109,110726,16464.5,112.91666666666667
2018-03-29 19:30:14,49,109,110743,16535.333333333332,113.33333333333333
2018-03-29 19:45:14,49,109,110764,16615.0,113.75
2018-03-29 20:00:13,49,109,110780,16689.5,113.91666666666667
2018-03-29 20:15:16,49,109,110800,16759.916666666668,114.08333333333333
2018-03-29 20:30:13,49,109,110927,16815.416666666668,114.66666666666667
2018-03-29 20:45:12,49,110,111002,15834.75,113.41666666666667
2018-03-29 21:00:17,49,110,111055,16226.416666666666,119.66666666666667
2018-03-29 21:15:12,49,110,111134,16372.916666666666,122.41666666666667
2018-03-29 21:30:17,49,110,111461,16571.083333333332,126.5
2018-03-29 21:45:14,49,110,111695,16758.583333333332,129.33333333333334
2018-03-29 22:00:12,49,110,111829,16863.75,130.91666666666666
2018-03-29 22:15:12,49,110,112569,17174.583333333332,245.16666666666666
2018-03-29 22:30:17,49,110,113241,17398.25,336.75
2018-03-29 22:45:15,49,110,113962,17673.166666666668,355.25
2018-03-29 23:00:17,49,110,114299,17879.666666666668,359.3333333333333
2018-03-29 23:15:12,49,110,114582,18040.583333333332,362.0833333333333
2018-03-29 23:30:12,49,110,114791,18166.833333333332,363.8333333333333
2018-03-29 23:45:13,49,110,115010,18271.083333333332,365.5
2018-03-30 00:00:11,49,110,115164,18367.333333333332,365.9166666666667
2018-03-30 00:15:13,49,110,115304,18439.0,366.3333333333333
2018-03-30 00:30:11,49,110,115434,18497.416666666668,367.0
2018-03-30 00:45:11,49,110,115516,18550.75,367.75
2018-03-30 01:00:12,49,110,115597,18597.0,367.8333333333333
2018-03-30 01:15:13,49,110,115680,18629.75,367.9166666666667
2018-03-30 01:30:12,49,110,115732,18655.916666666668,368.0833333333333
2018-03-30 01:45:12,49,110,115768,18679.416666666668,368.25
2018-03-30 02:00:12,49,110,115812,18699.583333333332,368.5
2018-03-30 02:15:12,49,110,115842,18713.666666666668,368.6666666666667
2018-03-30 02:30:13,49,110,115864,18725.583333333332,368.75
2018-03-30 02:45:13,49,110,115882,18734.833333333332,368.75
2018-03-30 03:00:13,49,110,115889,18743.833333333332,368.9166666666667
2018-03-30 03:15:12,49,110,115901,18752.416666666668,368.9166666666667
2018-03-30 03:30:13,49,110,115908,18758.583333333332,369.0
2018-03-30 03:45:13,49,110,115921,18763.833333333332,369.1666666666667
2018-03-30 04:00:16,49,110,115932,18767.333333333332,369.1666666666667
2018-03-30 04:15:20,49,110,115937,18771.5,369.1666666666667
2018-03-30 04:30:18,49,110,115943,18777.25,369.25
2018-03-30 04:45:24,49,110,115949,18780.333333333332,369.25
2018-03-30 05:00:19,49,110,115953,18782.916666666668,369.25
2018-03-30 05:15:17,49,110,115956,18785.666666666668,369.25
2018-03-30 05:30:16,49,110,115959,18789.333333333332,369.3333333333333
2018-03-30 05:45:17,49,110,115961,18793.166666666668,369.3333333333333
2018-03-30 06:00:18,49,110,115964,18795.083333333332,369.4166666666667
2018-03-30 06:15:17,49,110,115968,18797.916666666668,369.4166666666667
2018-03-30 06:30:14,49,110,115976,18801.25,369.4166666666667
2018-03-30 06:45:12,49,110,115984,18807.583333333332,369.4166666666667
2018-03-30 07:00:13,49,110,115999,18814.75,369.4166666666667
2018-03-30 07:15:13,49,110,116010,18827.583333333332,369.5
2018-03-30 07:30:14,49,110,116025,18845.5,369.5833333333333
2018-03-30 07:45:13,49,110,116048,18864.5,369.6666666666667
2018-03-30 08:00:12,49,110,116071,18893.416666666668,369.9166666666667
2018-03-30 08:15:13,49,110,116115,18931.916666666668,370.3333333333333
2018-03-30 08:30:14,49,110,116166,18974.833333333332,370.8333333333333
2018-03-30 08:45:12,49,110,116209,19025.75,371.1666666666667
2018-03-30 09:00:11,49,110,116282,19080.0,372.1666666666667
2018-03-30 09:15:10,49,110,116379,19143.916666666668,372.8333333333333
2018-03-30 09:30:11,49,110,116452,19217.25,373.4166666666667
2018-03-30 09:45:11,49,110,116555,19292.083333333332,374.3333333333333
2018-03-30 10:00:12,49,110,116676,19374.0,374.8333333333333
2018-03-30 10:15:13,49,110,116757,19446.666666666668,375.3333333333333
2018-03-30 10:30:11,49,110,116881,19521.416666666668,375.5833333333333
2018-03-30 10:45:12,49,110,116990,19595.0,376.0
2018-03-30 11:00:11,49,110,117117,19665.666666666668,376.75
2018-03-30 11:15:11,49,110,117236,19731.583333333332,377.25
2018-03-30 11:30:15,49,110,117372,19796.666666666668,377.4166666666667
2018-03-30 11:45:14,49,111,117466,18852.083333333332,376.1666666666667
2018-03-30 12:00:20,49,111,117563,19093.083333333332,378.5833333333333
2018-03-30 12:15:13,49,111,117648,19271.666666666668,381.0
2018-03-30 12:30:15,49,111,117770,19426.833333333332,382.1666666666667
2018-03-30 12:45:14,49,111,117875,19565.833333333332,383.3333333333333
2018-03-30 13:00:14,49,111,117983,19682.0,384.75
2018-03-30 13:15:17,49,111,118109,19795.25,385.5833333333333
2018-03-30 13:30:11,49,111,118215,19893.0,386.25
2018-03-30 13:45:11,49,111,118296,19981.083333333332,387.0833333333333
2018-03-30 14:00:11,49,111,118366,20066.166666666668,387.8333333333333
2018-03-30 14:15:11,49,111,118442,20144.833333333332,388.3333333333333
2018-03-30 14:30:11,49,111,118506,20213.083333333332,388.75
2018-03-30 14:45:12,49,111,118589,20273.5,389.25
2018-03-30 15:00:11,49,111,118655,20331.5,389.6666666666667
2018-03-30 15:15:11,49,111,118736,20389.0,389.8333333333333
2018-03-30 15:30:11,49,111,118810,20436.5,390.75
2018-03-30 15:45:11,49,111,118884,20486.25,391.0833333333333
2018-03-30 16:00:11,49,111,118953,20533.25,391.1666666666667
2018-03-30 16:15:12,49,111,119014,20579.5,391.5
2018-03-30 16:30:12,49,111,119075,20624.75,391.6666666666667
2018-03-30 16:45:13,49,111,119124,20671.916666666668,391.9166666666667
2018-03-30 17:00:12,49,111,119178,20716.666666666668,392.1666666666667
2018-03-30 17:15:12,49,111,119232,20765.833333333332,392.75
2018-03-30 17:30:11,49,111,119311,20809.75,393.1666666666667
2018-03-30 17:45:14,49,111,119360,20851.916666666668,393.3333333333333
2018-03-30 18:00:12,49,111,119406,20891.916666666668,394.0
2018-03-30 18:15:11,49,111,119444,20928.0,394.75
2018-03-30 18:30:11,49,111,119500,20972.916666666668,395.1666666666667
2018-03-30 18:45:11,49,111,119568,21013.916666666668,395.4166666666667
2018-03-30 19:00:11,49,111,119642,21053.416666666668,395.8333333333333
2018-03-30 19:15:11,49,111,119698,21087.75,396.1666666666667
2018-03-30 19:30:12,49,111,119761,21123.5,396.4166666666667
2018-03-30 19:45:12,49,111,119825,21157.916666666668,396.5833333333333
2018-03-30 20:00:26,49,111,119909,21198.083333333332,396.9166666666667
2018-03-30 20:15:11,49,111,119976,21235.166666666668,397.0
2018-03-30 20:30:12,49,111,120043,21271.0,397.1666666666667
2018-03-30 20:45:12,49,111,120117,21316.25,397.3333333333333
2018-03-30 21:00:12,49,111,120182,21349.75,397.5833333333333
2018-03-30 21:15:12,49,111,120241,21386.666666666668,397.5833333333333
2018-03-30 21:30:11,49,111,120329,21422.666666666668,398.0
2018-03-30 21:45:12,49,111,120394,21462.666666666668,398.6666666666667
2018-03-30 22:00:11,49,111,120468,21499.25,399.5
2018-03-30 22:15:12,49,111,120556,21537.583333333332,400.0
2018-03-30 22:30:12,49,111,120641,21571.166666666668,399.4166666666667
2018-03-30 22:45:12,49,111,120709,21601.333333333332,399.5
2018-03-30 23:00:13,49,111,120774,21632.583333333332,399.5
2018-03-30 23:15:13,49,111,120820,21659.0,399.8333333333333
2018-03-30 23:30:12,49,111,120864,21681.083333333332,400.0
2018-03-30 23:45:18,49,111,120909,21698.5,400.1666666666667
2018-03-31 00:00:15,49,111,120969,21716.166666666668,400.25
2018-03-31 00:15:17,49,111,121012,21732.333333333332,400.5
2018-03-31 00:30:12,49,111,121052,21749.833333333332,400.75
2018-03-31 00:45:14,49,111,121075,21764.0,401.0833333333333
2018-03-31 01:00:12,49,111,121094,21775.916666666668,401.0833333333333
2018-03-31 01:15:15,49,111,121105,21782.333333333332,401.0833333333333
2018-03-31 01:30:18,49,111,121123,21789.25,401.1666666666667
2018-03-31 01:45:16,49,111,121136,21793.916666666668,401.1666666666667
2018-03-31 02:00:13,49,111,121143,21799.0,401.25
2018-03-31 02:15:14,49,111,121158,21803.416666666668,401.3333333333333
2018-03-31 02:30:14,49,111,121161,21805.833333333332,401.3333333333333
2018-03-31 02:45:15,49,111,121173,21808.0,401.5
2018-03-31 03:00:15,49,111,121180,21809.166666666668,401.6666666666667
2018-03-31 03:15:17,49,111,121184,21810.916666666668,401.6666666666667
2018-03-31 03:30:18,49,111,121187,21812.583333333332,401.6666666666667
2018-03-31 03:45:13,49,111,121192,21814.583333333332,401.6666666666667
2018-03-31 04:00:14,49,111,121195,21815.166666666668,401.6666666666667
2018-03-31 04:15:14,49,111,121195,21816.166666666668,401.6666666666667
2018-03-31 04:30:14,49,111,121198,21816.75,401.6666666666667
2018-03-31 04:45:14,49,111,121201,21818.166666666668,401.6666666666667
2018-03-31 05:00:16,49,111,121201,21819.0,401.6666666666667
2018-03-31 05:15:15,49,111,121205,21819.666666666668,401.6666666666667
2018-03-31 05:30:15,49,111,121207,21820.333333333332,401.6666666666667
2018-03-31 05:45:13,49,111,121206,21821.416666666668,401.6666666666667
2018-03-31 06:00:14,49,111,121207,21821.916666666668,401.6666666666667
2018-03-31 06:15:15,49,111,121209,21823.166666666668,401.6666666666667
2018-03-31 06:30:16,49,111,121210,21824.5,401.6666666666667
2018-03-31 06:45:13,49,111,121208,21827.083333333332,401.75
2018-03-31 07:00:12,49,111,121211,21828.166666666668,401.75
2018-03-31 07:15:13,49,111,121214,21831.166666666668,401.75
2018-03-31 07:30:13,49,111,121220,21835.5,401.75
2018-03-31 07:45:13,49,111,121229,21842.0,401.8333333333333
2018-03-31 08:00:12,49,111,121230,21849.083333333332,402.1666666666667
2018-03-31 08:15:13,49,111,121242,21857.0,402.1666666666667
2018-03-31 08:30:12,49,111,121266,21867.333333333332,402.1666666666667
2018-03-31 08:45:12,49,111,121285,21879.833333333332,402.1666666666667
2018-03-31 09:00:12,49,111,121301,21894.416666666668,402.25
2018-03-31 09:15:13,49,111,121319,21908.666666666668,402.3333333333333
2018-03-31 09:30:12,49,111,121350,21925.0,402.4166666666667
2018-03-31 09:45:11,49,111,121375,21942.916666666668,402.5833333333333
2018-03-31 10:00:11,49,111,121399,21960.0,402.5833333333333
2018-03-31 10:15:12,49,111,121423,21977.25,402.5833333333333
2018-03-31 10:30:10,49,111,121451,21993.833333333332,402.6666666666667
2018-03-31 10:45:11,49,111,121478,22008.5,402.75
2018-03-31 11:00:11,49,111,121501,22023.833333333332,403.0
2018-03-31 11:15:11,49,111,121523,22042.0,403.1666666666667
2018-03-31 11:30:11,49,111,121544,22059.0,403.0833333333333
2018-03-31 11:45:12,49,111,121574,22073.916666666668,403.1666666666667
2018-03-31 12:00:12,49,111,121608,22087.75,403.25
2018-03-31 12:15:12,49,114,121629,17508.416666666668,369.4166666666667
2018-03-31 12:30:13,49,114,121650,18064.416666666668,371.4166666666667
2018-03-31 12:45:13,49,114,121673,18487.833333333332,373.25
2018-03-31 13:00:13,49,114,121689,18828.916666666668,375.1666666666667
2018-03-31 13:15:13,49,114,121719,19133.333333333332,376.0
2018-03-31 13:30:15,49,114,121744,19395.25,376.5833333333333
2018-03-31 13:45:14,49,114,121776,19620.75,377.1666666666667
2018-03-31 14:00:14,49,114,121813,19820.333333333332,377.75
2018-03-31 14:15:14,49,114,121841,19989.5,378.25
2018-03-31 14:30:13,49,114,121874,20158.166666666668,378.8333333333333
2018-03-31 14:45:13,49,114,121904,20305.166666666668,379.4166666666667
2018-03-31 15:00:12,49,114,121929,20432.416666666668,379.8333333333333
2018-03-31 15:15:11,49,114,121959,20550.0,380.0
2018-03-31 15:30:12,49,114,121992,20665.083333333332,380.4166666666667
2018-03-31 15:45:12,49,114,122009,20780.75,380.5833333333333
2018-03-31 16:00:11,49,114,122029,20893.583333333332,380.6666666666667
2018-03-31 16:15:11,49,114,122051,20996.75,381.0833333333333
2018-03-31 16:30:12,49,114,122080,21091.083333333332,381.25
2018-03-31 16:45:12,49,114,122110,21183.666666666668,381.8333333333333
2018-03-31 17:00:12,49,114,122131,21278.666666666668,382.1666666666667
2018-03-31 17:15:11,49,114,122152,21365.916666666668,382.3333333333333
2018-03-31 17:30:12,49,114,122189,21454.916666666668,382.5833333333333
2018-03-31 17:45:12,49,114,122217,21541.166666666668,383.0833333333333
2018-03-31 18:00:18,49,114,122246,21626.333333333332,383.5833333333333
2018-03-31 18:15:12,49,114,122265,21701.75,383.5833333333333
2018-03-31 18:30:11,49,114,122298,21773.083333333332,384.0
2018-03-31 18:45:13,49,114,122314,21838.5,384.1666666666667
2018-03-31 19:00:12,49,114,122332,21907.416666666668,384.75
2018-03-31 19:15:11,49,114,122349,21974.25,384.8333333333333
2018-03-31 19:30:12,49,114,122375,22040.583333333332,384.9166666666667
2018-03-31 19:45:11,49,114,122391,22103.083333333332,385.0
2018-03-31 20:00:12,49,114,122414,22163.666666666668,385.4166666666667
2018-03-31 20:15:13,49,114,122441,22222.25,385.75
2018-03-31 20:30:13,49,114,122464,22271.833333333332,386.0
2018-03-31 20:45:11,49,114,122489,22329.666666666668,386.25
2018-03-31 21:00:11,49,114,122527,22385.083333333332,386.5
2018-03-31 21:15:13,49,114,122550,22437.666666666668,386.5
2018-03-31 21:30:14,49,114,122574,22492.083333333332,386.75
2018-03-31 21:45:14,49,114,122601,22543.5,386.9166666666667
2018-03-31 22:00:16,49,114,122608,22591.583333333332,387.1666666666667
2018-03-31 22:15:13,49,114,122639,22651.0,387.25
2018-03-31 22:30:12,49,114,122668,22699.333333333332,387.5833333333333
2018-03-31 22:45:14,49,114,122700,22744.333333333332,387.6666666666667
2018-03-31 23:00:14,49,114,122731,22788.5,387.9166666666667
2018-03-31 23:15:13,49,114,122758,22830.5,388.1666666666667
2018-03-31 23:30:12,49,114,122786,22869.916666666668,388.25
2018-03-31 23:45:13,49,114,122803,22901.166666666668,388.5
2018-04-01 00:00:15,49,114,122832,22934.166666666668,388.6666666666667
2018-04-01 00:15:16,49,114,122852,22958.833333333332,388.8333333333333
2018-04-01 00:30:15,49,114,122873,22982.333333333332,389.0
2018-04-01 00:45:13,49,114,122886,23005.75,389.0
2018-04-01 01:00:12,49,114,122891,23019.666666666668,389.0
2018-04-01 01:15:12,49,114,122895,23032.833333333332,389.0
2018-04-01 01:30:13,49,114,122909,23042.583333333332,389.0
2018-04-01 01:45:11,49,114,122917,23053.25,389.0
2018-04-01 02:00:13,49,114,122924,23061.583333333332,389.1666666666667
2018-04-01 02:15:12,49,114,122935,23069.166666666668,389.1666666666667
2018-04-01 02:30:15,49,114,122941,23075.916666666668,389.1666666666667
2018-04-01 02:45:13,49,114,122948,23079.333333333332,389.1666666666667
2018-04-01 03:00:15,49,114,122949,23083.166666666668,389.1666666666667
2018-04-01 03:15:13,49,114,122949,23086.0,389.1666666666667
2018-04-01 03:30:14,49,114,122953,23087.916666666668,389.1666666666667
2018-04-01 03:45:14,49,114,122951,23090.166666666668,389.1666666666667
2018-04-01 04:00:15,49,114,122951,23091.75,389.1666666666667
2018-04-01 04:15:14,49,114,122952,23093.666666666668,389.1666666666667
2018-04-01 04:30:15,49,114,122953,23094.666666666668,389.1666666666667
2018-04-01 04:45:14,49,114,122953,23095.666666666668,389.1666666666667
2018-04-01 05:00:13,49,114,122954,23096.75,389.1666666666667
2018-04-01 05:15:13,49,114,122956,23098.25,389.1666666666667
2018-04-01 05:30:13,49,114,122956,23098.583333333332,389.1666666666667
2018-04-01 05:45:13,49,114,122956,23099.5,389.1666666666667
2018-04-01 06:00:12,49,114,122955,23100.25,389.1666666666667
2018-04-01 06:15:12,49,114,122955,23100.916666666668,389.1666666666667
2018-04-01 06:30:14,49,114,122956,23103.333333333332,389.1666666666667
2018-04-01 06:45:13,49,114,122958,23104.5,389.1666666666667
2018-04-01 07:00:13,49,114,122959,23107.25,389.1666666666667
2018-04-01 07:15:14,49,114,122964,23109.916666666668,389.1666666666667
2018-04-01 07:30:14,49,114,122964,23114.666666666668,389.1666666666667
2018-04-01 07:45:12,49,114,122966,23120.833333333332,389.1666666666667
2018-04-01 08:00:12,49,114,122970,23131.916666666668,389.1666666666667
2018-04-01 08:15:12,49,114,122974,23141.583333333332,389.3333333333333
2018-04-01 08:30:12,49,114,122975,23156.833333333332,389.3333333333333
2018-04-01 08:45:12,49,114,122982,23175.416666666668,389.3333333333333
2018-04-01 09:00:12,49,114,122990,23191.166666666668,389.3333333333333
2018-04-01 09:15:13,49,114,122994,23209.833333333332,389.5
2018-04-01 09:30:12,49,114,122999,23229.5,389.5833333333333
2018-04-01 09:45:12,49,114,123009,23249.333333333332,389.5833333333333
2018-04-01 10:00:12,49,114,123016,23268.916666666668,389.5833333333333
2018-04-01 10:15:13,49,114,123026,23291.666666666668,389.5833333333333
2018-04-01 10:30:12,49,114,123041,23316.25,389.5833333333333
2018-04-01 10:45:11,49,114,123048,23336.916666666668,389.5833333333333
2018-04-01 11:00:11,49,114,123059,23362.0,389.6666666666667
2018-04-01 11:15:11,49,114,123071,23380.0,389.75
2018-04-01 11:30:12,49,114,123089,23401.166666666668,389.75
2018-04-01 11:45:12,49,115,123106,22088.583333333332,385.0833333333333
2018-04-01 12:00:11,49,115,123120,22414.916666666668,387.0833333333333
2018-04-01 12:15:11,49,115,123138,22643.916666666668,388.3333333333333
2018-04-01 12:30:12,49,115,123196,22821.333333333332,388.8333333333333
2018-04-01 12:45:11,49,115,123243,22964.75,389.75
2018-04-01 13:00:11,49,115,123279,23096.583333333332,390.0833333333333
2018-04-01 13:15:12,49,115,123325,23221.166666666668,390.4166666666667
2018-04-01 13:30:13,49,115,123355,23329.25,391.1666666666667
2018-04-01 13:45:16,49,115,123397,23436.666666666668,391.8333333333333
2018-04-01 14:00:11,49,115,123428,23542.416666666668,392.3333333333333
2018-04-01 14:15:11,49,115,123457,23630.583333333332,392.5833333333333
2018-04-01 14:30:10,49,115,123506,23715.25,392.9166666666667
2018-04-01 14:45:11,49,115,123552,23797.083333333332,393.1666666666667
2018-04-01 15:00:13,49,115,123601,23868.333333333332,393.3333333333333
2018-04-01 15:15:14,49,115,123638,23934.833333333332,393.4166666666667
2018-04-01 15:30:13,49,115,123704,23998.666666666668,393.5833333333333
2018-04-01 15:45:12,49,116,123756,22667.666666666668,392.1666666666667
2018-04-01 16:00:13,49,116,123802,22913.583333333332,393.25
2018-04-01 16:15:12,49,116,123841,23113.25,393.9166666666667
2018-04-01 16:30:12,49,116,123888,23276.333333333332,394.5
2018-04-01 16:45:12,49,116,123922,23415.333333333332,394.9166666666667
2018-04-01 17:00:12,49,116,123956,23551.666666666668,395.25
2018-04-01 17:15:12,49,116,123992,23666.666666666668,395.5833333333333
2018-04-01 17:30:15,49,116,124043,23776.416666666668,396.3333333333333
2018-04-01 17:45:12,49,116,124074,23880.0,396.5
2018-04-01 18:00:13,49,116,124125,23975.416666666668,396.5833333333333
2018-04-01 18:15:12,49,116,124147,24076.333333333332,396.9166666666667
2018-04-01 18:30:12,49,116,124183,24156.583333333332,397.3333333333333
2018-04-01 18:45:12,49,116,124211,24237.916666666668,397.6666666666667
2018-04-01 19:00:13,49,116,124242,24313.0,397.6666666666667
2018-04-01 19:15:13,49,116,124271,24387.5,398.5
2018-04-01 19:30:12,49,116,124308,24457.416666666668,399.4166666666667
2018-04-01 19:45:12,49,116,124342,24531.0,400.0
2018-04-01 20:00:12,49,116,124367,24601.083333333332,401.1666666666667
2018-04-01 20:15:12,49,116,124416,24673.75,401.6666666666667
2018-04-01 20:30:11,49,116,124435,24736.5,401.75
2018-04-01 20:45:11,49,116,124483,24797.5,402.1666666666667
2018-04-01 21:00:11,49,116,124531,24856.25,402.1666666666667
2018-04-01 21:15:12,49,116,124570,24912.75,402.3333333333333
2018-04-01 21:30:13,49,116,124615,24970.75,402.4166666666667
2018-04-01 21:45:14,49,116,124671,25030.666666666668,402.75
2018-04-01 22:00:14,49,116,124713,25082.75,402.8333333333333
2018-04-01 22:15:13,49,116,124749,25133.5,402.9166666666667
2018-04-01 22:30:13,49,116,124780,25186.083333333332,403.25
2018-04-01 22:45:12,49,116,124806,25240.083333333332,403.75
2018-04-01 23:00:12,49,116,124845,25288.166666666668,404.0
2018-04-01 23:15:13,49,116,124880,25334.5,404.8333333333333
2018-04-01 23:30:13,49,116,124895,25372.416666666668,405.5833333333333
2018-04-01 23:45:13,49,116,124925,25410.666666666668,407.4166666666667
2018-04-02 00:00:12,49,116,124945,25442.5,408.4166666666667
2018-04-02 00:15:12,49,116,124972,25473.833333333332,408.8333333333333
2018-04-02 00:30:14,49,116,124987,25499.0,409.0
2018-04-02 00:45:12,49,116,124997,25519.166666666668,409.1666666666667
2018-04-02 01:00:12,49,116,125010,25535.0,409.4166666666667
2018-04-02 01:15:13,49,116,125023,25547.166666666668,409.5833333333333
2018-04-02 01:30:13,49,116,125036,25558.416666666668,409.6666666666667
2018-04-02 01:45:13,49,116,125045,25566.833333333332,409.6666666666667
2018-04-02 02:00:13,49,116,125047,25574.833333333332,409.6666666666667
2018-04-02 02:15:12,49,116,125048,25580.0,409.6666666666667
2018-04-02 02:30:13,49,116,125052,25583.833333333332,409.6666666666667
2018-04-02 02:45:14,49,116,125055,25588.0,409.8333333333333
2018-04-02 03:00:14,49,116,125056,25590.583333333332,409.8333333333333
2018-04-02 03:15:14,49,116,125055,25593.5,409.9166666666667
2018-04-02 03:30:14,49,116,125060,25595.75,409.9166666666667
2018-04-02 03:45:14,49,116,125062,25599.083333333332,409.9166666666667
2018-04-02 04:00:14,49,116,125064,25600.75,409.9166666666667
2018-04-02 04:15:14,49,116,125063,25602.416666666668,410.0
2018-04-02 04:30:15,49,116,125064,25603.833333333332,410.0
2018-04-02 04:45:14,49,116,125064,25604.583333333332,410.0833333333333
2018-04-02 05:00:14,49,116,125063,25606.333333333332,410.0833333333333
2018-04-02 05:15:14,49,116,125065,25607.5,410.0833333333333
2018-04-02 05:30:14,49,116,125066,25608.666666666668,410.0833333333333
2018-04-02 05:45:13,49,116,125066,25609.166666666668,410.0833333333333
2018-04-02 06:00:14,49,116,125066,25610.166666666668,410.0833333333333
2018-04-02 06:15:12,49,116,125069,25612.5,410.0833333333333
2018-04-02 06:30:13,49,116,125067,25613.75,410.0833333333333
2018-04-02 06:45:13,49,116,125068,25615.333333333332,410.0833333333333
2018-04-02 07:00:13,49,116,125068,25616.416666666668,410.0833333333333
2018-04-02 07:15:13,49,116,125070,25620.166666666668,410.0833333333333
2018-04-02 07:30:14,49,116,125070,25624.333333333332,410.0833333333333
2018-04-02 07:45:13,49,116,125073,25631.916666666668,410.0833333333333
2018-04-02 08:00:13,49,116,125081,25640.333333333332,410.1666666666667
2018-04-02 08:15:12,49,116,125084,25652.25,410.1666666666667
2018-04-02 08:30:13,49,116,125095,25667.916666666668,410.3333333333333
2018-04-02 08:45:12,49,116,125097,25686.75,410.6666666666667
2018-04-02 09:00:12,49,116,125106,25708.166666666668,410.8333333333333
2018-04-02 09:15:11,49,116,125114,25731.083333333332,411.4166666666667
2018-04-02 09:30:12,49,116,125123,25751.583333333332,411.5
2018-04-02 09:45:12,49,116,125133,25773.916666666668,411.5
2018-04-02 10:00:12,49,116,125144,25800.25,411.9166666666667
2018-04-02 10:15:12,49,116,125170,25822.5,412.1666666666667
2018-04-02 10:30:12,49,116,125189,25848.75,412.5
2018-04-02 10:45:11,49,116,125209,25878.666666666668,412.6666666666667
2018-04-02 11:00:12,49,116,125229,25910.583333333332,413.0
2018-04-02 11:15:12,49,116,125248,25939.083333333332,413.1666666666667
2018-04-02 11:30:12,49,116,125264,25961.0,413.8333333333333
2018-04-02 11:45:11,49,117,125283,24195.833333333332,398.5
2018-04-02 12:00:12,49,117,125306,24469.5,401.3333333333333
2018-04-02 12:15:14,49,117,125321,24674.333333333332,402.8333333333333
2018-04-02 12:30:11,49,117,125346,24833.916666666668,403.9166666666667
2018-04-02 12:45:12,49,117,125361,24956.75,404.75
2018-04-02 13:00:11,49,117,125378,25067.25,406.5
2018-04-02 13:15:12,49,117,125413,25163.083333333332,406.9166666666667
2018-04-02 13:30:11,49,117,125435,25254.333333333332,407.1666666666667
2018-04-02 13:45:12,49,117,125450,25342.666666666668,407.6666666666667
2018-04-02 14:00:12,49,117,125481,25409.25,407.75
2018-04-02 14:15:11,49,117,125510,25471.583333333332,408.0
2018-04-02 14:30:12,49,117,125526,25531.0,408.0833333333333
2018-04-02 14:45:12,49,117,125560,25590.25,408.75
2018-04-02 15:00:11,49,117,125588,25640.583333333332,409.25
2018-04-02 15:15:13,49,117,125609,25692.0,409.25
2018-04-02 15:30:16,49,117,125628,25741.916666666668,409.8333333333333
2018-04-02 15:45:14,49,117,125642,25785.5,410.0
2018-04-02 16:00:12,49,117,125661,25836.666666666668,410.1666666666667
2018-04-02 16:15:13,49,117,125671,25884.166666666668,410.3333333333333
2018-04-02 16:30:12,49,117,125688,25926.166666666668,410.5
2018-04-02 16:45:12,49,117,125697,25966.333333333332,414.0833333333333
2018-04-02 17:00:13,49,117,125704,26009.083333333332,421.9166666666667
2018-04-02 17:15:12,49,117,125728,26062.0,425.0833333333333
2018-04-02 17:30:13,49,117,125744,26108.0,428.4166666666667
2018-04-02 17:45:12,49,117,125776,26162.333333333332,431.8333333333333
2018-04-02 18:00:11,49,117,125792,26215.25,434.1666666666667
2018-04-02 18:15:12,49,117,125807,26261.75,437.3333333333333
2018-04-02 18:30:12,49,117,125827,26311.0,439.4166666666667
2018-04-02 18:45:13,49,117,125840,26361.416666666668,441.5
2018-04-02 19:00:12,49,117,125865,26409.583333333332,443.5
2018-04-02 19:15:12,49,117,125906,26459.666666666668,444.9166666666667
2018-04-02 19:30:12,49,117,125926,26508.416666666668,446.8333333333333
2018-04-02 19:45:12,49,117,125953,26548.166666666668,448.9166666666667
2018-04-02 20:00:12,49,117,125968,26592.0,450.3333333333333
2018-04-02 20:15:12,49,117,125994,26637.666666666668,451.8333333333333
2018-04-02 20:30:13,49,117,126030,26677.333333333332,454.75
2018-04-02 20:45:16,49,117,126061,26717.75,455.5833333333333
2018-04-02 21:00:12,49,117,126079,26755.416666666668,457.1666666666667
2018-04-02 21:15:12,49,117,126120,26797.25,458.3333333333333
2018-04-02 21:30:12,49,117,126155,26839.916666666668,460.75
2018-04-02 21:45:12,49,117,126183,26880.25,463.75
2018-04-02 22:00:11,49,117,126211,26912.833333333332,466.0
2018-04-02 22:15:12,49,117,126224,26945.833333333332,467.25
2018-04-02 22:30:11,49,117,126246,26977.25,468.4166666666667
2018-04-02 22:45:12,49,117,126270,27009.75,471.25
2018-04-02 23:00:11,49,117,126288,27042.0,472.0833333333333
2018-04-02 23:15:13,49,117,126307,27068.833333333332,473.0
2018-04-02 23:30:12,49,117,126327,27091.416666666668,474.3333333333333
2018-04-02 23:45:12,49,117,126345,27111.666666666668,475.75
2018-04-03 00:00:12,49,117,126351,27127.75,476.6666666666667
2018-04-03 00:15:12,49,117,126371,27148.666666666668,478.5833333333333
2018-04-03 00:30:19,49,117,126378,27160.666666666668,479.75
2018-04-03 00:45:16,49,117,126395,27175.25,480.4166666666667
2018-04-03 01:00:14,49,117,126404,27184.75,483.5833333333333
2018-04-03 01:15:12,49,117,126415,27192.416666666668,484.8333333333333
2018-04-03 01:30:13,49,117,126421,27199.916666666668,485.0
2018-04-03 01:45:12,49,117,126429,27206.0,485.0833333333333
2018-04-03 02:00:13,49,117,126431,27209.333333333332,485.25
2018-04-03 02:15:13,49,117,126433,27212.416666666668,485.4166666666667
2018-04-03 02:30:14,49,117,126439,27214.416666666668,485.5833333333333
2018-04-03 02:45:14,49,117,126439,27216.5,485.5833333333333
2018-04-03 03:00:12,49,117,126445,27217.666666666668,485.8333333333333
2018-04-03 03:15:12,49,117,126448,27218.166666666668,485.8333333333333
2018-04-03 03:30:12,49,117,126447,27219.916666666668,485.8333333333333
2018-04-03 03:45:13,49,117,126447,27221.0,485.8333333333333
2018-04-03 04:00:13,49,117,126450,27221.166666666668,485.9166666666667
2018-04-03 04:15:14,49,117,126452,27222.333333333332,486.0
2018-04-03 04:30:14,49,117,126450,27223.166666666668,486.0
2018-04-03 04:45:13,49,117,126452,27224.166666666668,486.0833333333333
2018-04-03 05:00:14,49,117,126454,27226.416666666668,486.3333333333333
2018-04-03 05:15:14,49,117,126454,27227.333333333332,486.3333333333333
2018-04-03 05:30:13,49,117,126457,27228.0,486.5
2018-04-03 05:45:13,49,117,126458,27229.0,486.5833333333333
2018-04-03 06:00:14,49,117,126457,27230.166666666668,486.5833333333333
2018-04-03 06:15:12,49,117,126459,27231.5,486.6666666666667
2018-04-03 06:30:13,49,117,126460,27233.916666666668,487.0
2018-04-03 06:45:11,49,117,126463,27235.75,487.1666666666667
2018-04-03 07:00:13,49,117,126462,27241.583333333332,487.25
2018-04-03 07:15:12,49,117,126469,27245.333333333332,487.3333333333333
2018-04-03 07:30:12,49,117,126471,27250.166666666668,487.4166666666667
2018-04-03 07:45:12,49,117,126480,27258.833333333332,488.0
2018-04-03 08:00:12,49,117,126485,27266.916666666668,488.3333333333333
2018-04-03 08:15:12,49,117,126485,27277.166666666668,489.25
2018-04-03 08:30:11,49,117,126495,27288.833333333332,489.5833333333333
2018-04-03 08:45:12,49,117,126505,27303.25,491.5
2018-04-03 09:00:12,49,117,126510,27317.916666666668,492.1666666666667
2018-04-03 09:15:10,49,117,126516,27331.416666666668,492.75
2018-04-03 09:30:11,49,117,126521,27344.416666666668,495.3333333333333
2018-04-03 09:45:11,49,117,126532,27363.0,497.8333333333333
2018-04-03 10:00:12,49,117,126542,27382.666666666668,500.3333333333333
2018-04-03 10:15:12,49,117,126558,27398.75,502.4166666666667
2018-04-03 10:30:11,49,117,126576,27419.5,503.25
2018-04-03 10:45:11,49,117,126593,27441.666666666668,505.4166666666667
2018-04-03 11:00:11,49,117,126606,27460.5,505.5833333333333
2018-04-03 11:15:11,49,117,126619,27477.0,506.9166666666667
2018-04-03 11:30:11,49,117,126640,27493.583333333332,507.3333333333333
2018-04-03 11:45:12,49,117,126658,27510.666666666668,509.0
2018-04-03 12:00:12,49,118,126672,26141.083333333332,506.8333333333333
2018-04-03 12:15:11,49,118,126690,26465.75,511.4166666666667
2018-04-03 12:30:14,49,117,126716,27557.083333333332,511.75
2018-04-03 12:45:12,49,118,126738,26107.416666666668,505.9166666666667
2018-04-03 13:00:14,49,118,126748,26365.0,511.0
2018-04-03 13:15:12,49,118,126759,26540.583333333332,513.75
2018-04-03 13:30:11,49,118,126769,26674.75,515.3333333333334
2018-04-03 13:45:12,49,118,126787,26784.166666666668,516.8333333333334
2018-04-03 14:00:12,49,118,126802,26885.083333333332,517.9166666666666
2018-04-03 14:15:13,49,118,126825,26968.416666666668,519.25
2018-04-03 14:30:14,49,118,126845,27038.75,519.9166666666666
2018-04-03 14:45:12,49,118,126859,27103.833333333332,521.25
2018-04-03 15:00:12,49,118,126874,27168.916666666668,521.8333333333334
2018-04-03 15:15:13,49,118,126898,27229.083333333332,522.6666666666666
2018-04-03 15:30:13,49,118,126920,27290.583333333332,523.1666666666666
2018-04-03 15:45:11,49,118,126929,27344.75,524.0833333333334
2018-04-03 16:00:11,49,118,126957,27399.75,525.3333333333334
2018-04-03 16:15:11,49,118,126979,27448.166666666668,525.75
2018-04-03 16:30:13,49,118,126992,27494.916666666668,526.5833333333334
2018-04-03 16:45:12,49,118,127006,27542.5,526.9166666666666
2018-04-03 17:00:12,49,118,127019,27588.416666666668,527.6666666666666
2018-04-03 17:15:12,49,118,127039,27638.166666666668,528.1666666666666
2018-04-03 17:30:13,49,118,127052,27680.25,528.8333333333334
2018-04-03 17:45:12,49,118,127072,27721.416666666668,528.9166666666666
2018-04-03 18:00:12,49,118,127098,27763.416666666668,529.4166666666666
2018-04-03 18:15:12,49,118,127108,27799.166666666668,529.6666666666666
2018-04-03 18:30:12,49,118,127125,27836.666666666668,530.0
2018-04-03 18:45:11,49,118,127136,27872.083333333332,530.25
2018-04-03 19:00:11,49,118,127152,27909.0,530.5833333333334
2018-04-03 19:15:11,49,118,127169,27944.833333333332,530.8333333333334
2018-04-03 19:30:11,49,118,127192,27978.416666666668,531.0
2018-04-03 19:45:12,49,118,127212,28014.0,531.5833333333334
2018-04-03 20:00:11,49,118,127230,28044.333333333332,531.6666666666666
2018-04-03 20:15:12,49,118,127255,28079.916666666668,532.1666666666666
2018-04-03 20:30:12,49,118,127260,28108.166666666668,532.1666666666666
2018-04-03 20:45:12,49,118,127277,28138.0,532.25
2018-04-03 21:00:11,49,118,127307,28171.833333333332,532.1666666666666
2018-04-03 21:15:12,49,118,127332,28202.166666666668,532.1666666666666
2018-04-03 21:30:11,49,119,127355,26175.25,518.0
2018-04-03 21:45:11,49,119,127359,26430.75,521.6666666666666
2018-04-03 22:00:12,49,119,127381,26612.5,523.4166666666666
2018-04-03 22:15:11,49,119,127400,26745.583333333332,524.5
2018-04-03 22:30:11,49,119,127425,26847.5,525.3333333333334
2018-04-03 22:45:13,49,119,127444,26931.75,526.3333333333334
2018-04-03 23:00:11,49,119,127460,27008.333333333332,527.1666666666666
2018-04-03 23:15:11,49,119,127481,27067.25,527.5833333333334
2018-04-03 23:30:12,49,119,127491,27116.916666666668,528.1666666666666
2018-04-03 23:45:12,49,119,127504,27156.333333333332,528.4166666666666
2018-04-04 00:00:15,49,119,127505,27188.75,528.75
2018-04-04 00:15:16,49,119,127509,27217.583333333332,528.75
2018-04-04 00:30:13,49,119,127521,27240.916666666668,528.9166666666666
2018-04-04 00:45:13,49,119,127529,27258.083333333332,529.0
2018-04-04 01:00:15,49,119,127532,27271.25,529.0833333333334
2018-04-04 01:15:14,49,119,127536,27283.0,529.0833333333334
2018-04-04 01:30:12,49,119,127537,27291.583333333332,529.0833333333334
2018-04-04 01:45:15,49,119,127537,27298.833333333332,529.0833333333334
2018-04-04 02:00:15,49,119,127539,27303.416666666668,529.0833333333334
2018-04-04 02:15:14,49,119,127538,27307.666666666668,529.1666666666666
2018-04-04 02:30:13,49,119,127539,27311.166666666668,529.1666666666666
2018-04-04 02:45:14,49,119,127544,27314.833333333332,529.1666666666666
2018-04-04 03:00:13,49,119,127543,27318.0,529.1666666666666
2018-04-04 03:15:14,49,119,127548,27320.25,529.1666666666666
2018-04-04 03:30:13,49,119,127550,27321.583333333332,529.1666666666666
2018-04-04 03:45:13,49,119,127551,27322.666666666668,529.1666666666666
2018-04-04 04:00:13,49,119,127554,27324.666666666668,529.1666666666666
2018-04-04 04:15:11,49,119,127554,27326.416666666668,529.1666666666666
2018-04-04 04:30:11,49,119,127554,27327.666666666668,529.1666666666666
2018-04-04 04:45:12,49,119,127557,27328.583333333332,529.1666666666666
2018-04-04 05:00:12,49,119,127558,27329.583333333332,529.1666666666666
2018-04-04 05:15:12,49,119,127558,27331.083333333332,529.1666666666666
2018-04-04 05:30:12,49,119,127556,27333.083333333332,529.1666666666666
2018-04-04 05:45:12,49,119,127555,27336.5,529.25
2018-04-04 06:00:12,49,119,127555,27342.25,529.25
2018-04-04 06:15:12,49,119,127555,27351.75,529.25
2018-04-04 06:30:11,49,119,127560,27365.666666666668,529.4166666666666
2018-04-04 06:45:12,49,119,127560,27387.083333333332,529.5833333333334
2018-04-04 07:00:11,49,119,127567,27411.166666666668,529.8333333333334
2018-04-04 07:15:12,49,119,127569,27434.75,530.25
2018-04-04 07:30:11,49,119,127573,27455.333333333332,530.3333333333334
2018-04-04 07:45:10,49,119,127570,27472.75,530.5
2018-04-04 08:00:11,49,119,127578,27488.166666666668,530.9166666666666
2018-04-04 08:15:10,49,119,127583,27509.0,530.9166666666666
2018-04-04 08:30:12,49,119,127588,27527.166666666668,531.6666666666666
2018-04-04 08:45:11,49,119,127595,27545.833333333332,531.8333333333334
2018-04-04 09:00:11,49,119,127594,27565.5,531.8333333333334
2018-04-04 09:15:12,49,119,127597,27588.583333333332,532.1666666666666
2018-04-04 09:30:12,49,119,127612,27612.5,532.5
2018-04-04 09:45:12,49,119,127624,27636.25,532.8333333333334
2018-04-04 10:00:12,49,119,127629,27662.666666666668,533.0
2018-04-04 10:15:11,49,119,127640,27687.0,533.25
2018-04-04 10:30:10,49,119,127653,27708.75,533.5
2018-04-04 10:45:10,49,119,127665,27732.5,533.5833333333334
2018-04-04 11:00:11,49,119,127685,27755.916666666668,534.25
2018-04-04 11:15:11,49,120,127707,25757.583333333332,528.75
2018-04-04 11:30:12,49,120,127711,25886.75,529.8333333333334
2018-04-04 11:45:11,49,120,127723,25980.5,530.1666666666666
2018-04-04 12:00:12,49,120,127729,26060.583333333332,530.6666666666666
2018-04-04 12:15:12,49,120,127748,26137.833333333332,531.0833333333334
2018-04-04 12:30:11,49,120,127760,26205.333333333332,531.4166666666666
2018-04-04 12:45:11,49,120,127770,26273.166666666668,531.5833333333334
2018-04-04 13:00:11,49,120,127789,26335.833333333332,532.0
2018-04-04 13:15:12,49,120,127801,26394.333333333332,532.6666666666666
2018-04-04 13:30:12,49,120,127824,26458.833333333332,532.9166666666666
2018-04-04 13:45:11,49,120,127838,26523.333333333332,533.4166666666666
2018-04-04 14:00:11,49,120,127854,26584.5,533.5833333333334
2018-04-04 14:15:13,49,120,127859,26640.416666666668,533.75
2018-04-04 14:30:12,49,120,127869,26686.666666666668,533.75
2018-04-04 14:45:11,49,120,127885,26732.333333333332,533.75
2018-04-04 15:00:16,49,120,127900,26775.416666666668,534.0
2018-04-04 15:15:11,49,120,127916,26815.0,534.0
2018-04-04 15:30:12,49,120,127934,26853.583333333332,534.1666666666666
2018-04-04 15:45:11,49,121,127943,25014.5,524.0
2018-04-04 16:00:14,49,123,127949,20992.583333333332,246.5
2018-04-04 16:15:13,49,123,127950,21410.25,250.16666666666666
2018-04-04 16:30:11,49,123,127957,21763.25,251.83333333333334
2018-04-04 16:45:10,49,123,127976,22066.166666666668,253.25
2018-04-04 17:00:11,49,123,127973,22335.5,254.16666666666666
2018-04-04 17:15:11,49,123,127981,22567.833333333332,255.0
2018-04-04 17:30:11,49,123,127979,22787.416666666668,255.41666666666666
2018-04-04 17:45:11,49,123,127993,22977.833333333332,257.0
2018-04-04 18:00:11,49,123,128018,23164.416666666668,257.3333333333333
2018-04-04 18:15:11,49,123,128020,23341.583333333332,258.1666666666667
2018-04-04 18:30:12,49,123,128032,23512.333333333332,258.75
2018-04-04 18:45:14,49,123,128040,23661.666666666668,259.5833333333333
2018-04-04 19:00:12,49,123,128071,23798.75,260.0
2018-04-04 19:15:12,49,123,128083,23945.333333333332,260.25
2018-04-04 19:30:10,49,123,128099,24084.25,261.0
2018-04-04 19:45:11,49,123,128127,24210.25,261.1666666666667
2018-04-04 20:00:11,49,123,128162,24333.666666666668,261.75
2018-04-04 20:15:12,49,123,128186,24457.75,262.3333333333333
2018-04-04 20:30:11,49,123,128211,24559.416666666668,262.9166666666667
2018-04-04 20:45:11,49,123,128239,24670.083333333332,263.6666666666667
2018-04-04 21:00:12,49,123,128271,24794.166666666668,264.25
2018-04-04 21:15:12,49,123,128304,24896.75,264.5
2018-04-04 21:30:11,49,123,128337,24996.916666666668,265.5833333333333
2018-04-04 21:45:12,49,123,128365,25097.0,265.75
2018-04-04 22:00:11,49,123,128385,25177.166666666668,266.0
2018-04-04 22:15:12,49,123,128417,25258.416666666668,266.3333333333333
2018-04-04 22:30:15,49,123,128438,25333.333333333332,266.5
2018-04-04 22:45:12,49,123,128448,25401.0,266.5
2018-04-04 23:00:14,49,123,128469,25462.333333333332,266.6666666666667
2018-04-04 23:15:12,49,123,128485,25513.333333333332,266.8333333333333
2018-04-04 23:30:14,49,123,128495,25560.666666666668,266.9166666666667
2018-04-04 23:45:12,49,123,128504,25592.833333333332,266.9166666666667
2018-04-05 00:00:14,49,123,128514,25626.083333333332,267.0
2018-04-05 00:15:12,49,123,128525,25652.416666666668,267.1666666666667
2018-04-05 00:30:11,49,123,128536,25671.333333333332,267.4166666666667
2018-04-05 00:45:13,49,123,128541,25695.583333333332,268.0833333333333
2018-04-05 01:00:14,49,123,128543,25713.166666666668,268.5833333333333
2018-04-05 01:15:19,49,123,128544,25724.083333333332,268.6666666666667
2018-04-05 01:30:19,49,123,128549,25734.5,268.75
2018-04-05 01:45:16,49,123,128556,25741.416666666668,268.75
2018-04-05 02:00:16,49,123,128558,25749.833333333332,268.75
2018-04-05 02:15:16,49,123,128560,25754.75,268.75
2018-04-05 02:30:19,49,123,128565,25759.25,268.75
2018-04-05 02:45:17,49,123,128565,25760.666666666668,268.75
2018-04-05 03:00:16,49,123,128569,25762.666666666668,268.75
2018-04-05 03:15:14,49,123,128573,25764.5,268.75
2018-04-05 03:30:14,49,123,128576,25766.25,268.75
2018-04-05 03:45:14,49,123,128576,25768.166666666668,268.75
2018-04-05 04:00:15,49,123,128577,25769.0,268.75
2018-04-05 04:15:14,49,123,128577,25772.5,268.75
2018-04-05 04:30:14,49,123,128580,25774.083333333332,268.75
2018-04-05 04:45:13,49,123,128579,25776.416666666668,268.75
2018-04-05 05:00:13,49,123,128580,25777.5,268.75
2018-04-05 05:15:15,49,123,128582,25778.666666666668,268.75
2018-04-05 05:30:13,49,123,128582,25780.0,268.75
2018-04-05 05:45:14,49,123,128583,25781.833333333332,268.75
2018-04-05 06:00:12,49,123,128583,25784.25,268.75
2018-04-05 06:15:13,49,123,128580,25788.583333333332,268.75
2018-04-05 06:30:13,49,123,128580,25796.083333333332,268.75
2018-04-05 06:45:12,49,123,128580,25807.25,268.8333333333333
2018-04-05 07:00:12,49,123,128581,25821.75,268.8333333333333
2018-04-05 07:15:13,49,123,128582,25836.583333333332,269.0
2018-04-05 07:30:13,49,123,128588,25849.5,269.0
2018-04-05 07:45:13,49,123,128589,25865.333333333332,269.0
2018-04-05 08:00:12,49,123,128595,25877.666666666668,269.5833333333333
2018-04-05 08:15:11,49,123,128606,25894.916666666668,269.5833333333333
2018-04-05 08:30:12,49,123,128616,25911.166666666668,269.5833333333333
2018-04-05 08:45:12,49,123,128619,25929.083333333332,269.75
2018-04-05 09:00:12,49,123,128623,25951.583333333332,269.9166666666667
2018-04-05 09:15:12,49,123,128629,25974.5,270.0
2018-04-05 09:30:12,49,123,128635,25995.583333333332,270.1666666666667
2018-04-05 09:45:11,49,123,128645,26017.333333333332,270.25
2018-04-05 10:00:11,49,123,128646,26047.833333333332,270.4166666666667
2018-04-05 10:15:12,49,123,128655,26078.0,270.5833333333333
2018-04-05 10:30:12,49,123,128662,26097.25,270.6666666666667
2018-04-05 10:45:13,49,123,128669,26126.166666666668,270.75
2018-04-05 11:00:12,49,123,128668,26153.583333333332,270.75
2018-04-05 11:15:11,49,126,128671,19339.75,252.33333333333334
2018-04-05 11:30:11,49,126,128678,19934.5,258.8333333333333
2018-04-05 11:45:11,49,126,128684,20362.666666666668,262.0
2018-04-05 12:00:11,49,126,128701,20724.5,265.25
2018-04-05 12:15:11,49,126,128712,21023.333333333332,267.0
2018-04-05 12:30:12,49,127,128720,18362.833333333332,257.8333333333333
2018-04-05 12:45:12,49,127,128732,18784.333333333332,260.5833333333333
2018-04-05 13:00:13,49,127,128745,19143.583333333332,262.4166666666667
2018-04-05 13:15:12,49,127,128755,19479.0,264.0833333333333
2018-04-05 13:30:13,49,127,128776,19778.916666666668,266.3333333333333
2018-04-05 13:45:13,49,127,128797,20095.0,267.4166666666667
2018-04-05 14:00:13,49,127,128815,20387.166666666668,269.8333333333333
2018-04-05 14:15:13,49,127,128840,20639.0,271.6666666666667
2018-04-05 14:30:13,49,127,128864,20871.833333333332,273.0833333333333
2018-04-05 14:45:13,49,127,128883,21085.583333333332,274.4166666666667
2018-04-05 15:00:13,49,127,128905,21278.0,275.6666666666667
2018-04-05 15:15:12,49,127,128929,21456.333333333332,277.9166666666667
2018-04-05 15:30:12,49,127,128957,21634.583333333332,278.8333333333333
2018-04-05 15:45:13,49,128,128983,19490.0,255.91666666666666
2018-04-05 16:00:13,49,128,129003,19838.083333333332,258.8333333333333
2018-04-05 16:15:13,49,128,129038,20138.666666666668,260.5
2018-04-05 16:30:12,49,128,129073,20394.5,262.1666666666667
2018-04-05 16:45:12,49,128,129094,20627.166666666668,263.25
2018-04-05 17:00:12,49,129,129123,18028.833333333332,153.83333333333334
2018-04-05 17:15:12,49,129,129147,18398.166666666668,156.0
2018-04-05 17:30:13,49,129,129166,18692.666666666668,157.25
2018-04-05 17:45:11,49,129,129193,18952.083333333332,159.33333333333334
2018-04-05 18:00:12,49,129,129209,19198.083333333332,159.91666666666666
2018-04-05 18:15:13,49,129,129227,19418.333333333332,161.5
2018-04-05 18:30:11,49,129,129257,19616.0,163.08333333333334
2018-04-05 18:45:12,49,129,129303,19805.583333333332,164.58333333333334
2018-04-05 19:00:12,49,129,129324,19987.75,165.5
2018-04-05 19:15:11,49,129,129363,20164.333333333332,166.33333333333334
2018-04-05 19:30:11,49,129,129402,20346.25,166.66666666666666
2018-04-05 19:45:12,49,129,129433,20511.583333333332,167.25
2018-04-05 20:00:11,49,129,129458,20673.166666666668,167.83333333333334
2018-04-05 20:15:12,49,129,129494,20827.5,168.58333333333334
2018-04-05 20:30:12,49,129,129564,20944.25,169.08333333333334
2018-04-05 20:45:12,49,131,129642,17417.5,127.58333333333333
2018-04-05 21:00:10,49,131,129793,18163.083333333332,133.16666666666666
2018-04-05 21:15:11,49,131,129936,18558.083333333332,133.91666666666666
2018-04-05 21:30:11,49,131,130015,18847.833333333332,134.58333333333334
2018-04-05 21:45:13,49,131,130231,19267.083333333332,135.41666666666666
2018-04-05 22:00:12,49,131,130378,19449.833333333332,138.0
2018-04-05 22:15:12,49,132,130590,18524.166666666668,136.41666666666666
2018-04-05 22:30:12,49,132,130811,19038.833333333332,139.75
2018-04-05 22:45:11,49,132,132359,19539.25,142.41666666666666
2018-04-05 23:00:11,49,132,132679,19874.666666666668,143.83333333333334
2018-04-05 23:15:11,49,132,132924,20145.333333333332,144.66666666666666
2018-04-05 23:30:11,49,132,133126,20364.833333333332,145.5
2018-04-05 23:45:11,49,132,133263,20518.833333333332,146.16666666666666
2018-04-06 00:00:12,49,132,133367,20643.25,146.66666666666666
2018-04-06 00:15:11,49,132,133437,20742.0,147.08333333333334
2018-04-06 00:30:10,49,132,133519,20825.583333333332,147.41666666666666
2018-04-06 00:45:11,49,132,133569,20893.333333333332,147.58333333333334
2018-04-06 01:00:11,49,132,133619,20949.583333333332,147.66666666666666
2018-04-06 01:15:11,49,132,133658,20991.916666666668,147.75
2018-04-06 01:30:11,49,132,133702,21032.0,147.5
2018-04-06 01:45:10,49,132,133726,21057.666666666668,147.58333333333334
2018-04-06 02:00:11,49,132,133739,21078.583333333332,147.58333333333334
2018-04-06 02:15:11,49,132,133751,21097.916666666668,147.58333333333334
2018-04-06 02:30:11,49,132,133754,21112.666666666668,147.66666666666666
2018-04-06 02:45:12,49,132,133762,21122.583333333332,147.66666666666666
2018-04-06 03:00:11,49,132,133767,21131.75,147.66666666666666
2018-04-06 03:15:10,49,132,133778,21140.083333333332,148.0
2018-04-06 03:30:11,49,132,133782,21148.416666666668,148.0
2018-04-06 03:45:10,49,132,133779,21153.916666666668,148.0
2018-04-06 04:00:10,49,132,133783,21158.833333333332,148.0
2018-04-06 04:15:10,49,132,133788,21163.666666666668,148.0
2018-04-06 04:30:10,49,132,133789,21167.416666666668,148.16666666666666
2018-04-06 04:45:11,49,132,133792,21172.583333333332,148.25
2018-04-06 05:00:11,49,132,133798,21175.916666666668,148.25
2018-04-06 05:15:11,49,132,133797,21180.416666666668,148.25
2018-04-06 05:30:11,49,132,133797,21186.75,148.25
2018-04-06 05:45:11,49,132,133801,21196.666666666668,148.25
2018-04-06 06:00:11,49,132,133806,21210.833333333332,148.33333333333334
2018-04-06 06:15:10,49,132,133811,21238.666666666668,148.41666666666666
2018-04-06 06:30:10,49,132,133820,21278.25,148.58333333333334
2018-04-06 06:45:10,49,132,133842,21327.666666666668,148.83333333333334
2018-04-06 07:00:10,49,132,133858,21391.583333333332,148.91666666666666
2018-04-06 07:15:10,50,132,133894,21460.916666666668,149.16666666666666
2018-04-06 07:30:10,50,132,133918,21521.666666666668,149.25
2018-04-06 07:45:11,50,132,133931,21579.0,149.33333333333334
2018-04-06 08:00:11,50,132,133968,21633.0,149.58333333333334
2018-04-06 08:15:11,50,132,133999,21692.916666666668,150.08333333333334
2018-04-06 08:30:11,50,132,134032,21757.916666666668,150.16666666666666
2018-04-06 08:45:11,50,132,134062,21821.666666666668,150.58333333333334
2018-04-06 09:00:10,50,132,134130,21903.5,150.66666666666666
2018-04-06 09:15:10,50,132,134181,21988.166666666668,151.08333333333334
2018-04-06 09:30:10,50,132,134252,22063.0,151.33333333333334
2018-04-06 09:45:10,50,132,134303,22154.166666666668,151.58333333333334
2018-04-06 10:00:10,50,132,134350,22236.666666666668,151.66666666666666
2018-04-06 10:15:10,50,132,134394,22313.083333333332,151.75
2018-04-06 10:30:10,50,132,134456,22395.416666666668,151.91666666666666
2018-04-06 10:45:10,50,132,134519,22460.666666666668,152.0
2018-04-06 11:00:11,50,132,134575,22534.833333333332,152.33333333333334
2018-04-06 11:15:11,50,132,134617,22608.916666666668,152.66666666666666
2018-04-06 11:30:11,50,132,134687,22673.25,152.91666666666666
2018-04-06 11:45:11,50,132,134742,22740.083333333332,153.08333333333334
2018-04-06 12:00:11,50,133,134796,21229.083333333332,146.5
2018-04-06 12:15:11,50,133,134836,21541.666666666668,149.41666666666666
2018-04-06 12:30:10,50,133,134881,21743.083333333332,150.5
2018-04-06 12:45:10,50,133,134938,21924.666666666668,151.41666666666666
2018-04-06 13:00:10,50,133,135009,22084.5,152.08333333333334
2018-04-06 13:15:10,50,133,135050,22232.75,152.66666666666666
2018-04-06 13:30:11,50,133,135105,22386.166666666668,152.91666666666666
2018-04-06 13:45:12,50,133,135160,22534.833333333332,153.25
2018-04-06 14:00:14,50,133,135227,22674.25,153.66666666666666
2018-04-06 14:15:12,50,134,135263,20969.583333333332,151.83333333333334
2018-04-06 14:30:11,50,134,135329,21288.0,155.5
2018-04-06 14:45:12,50,134,135369,21553.166666666668,158.41666666666666
2018-04-06 15:00:16,50,134,135400,21775.666666666668,162.0
2018-04-06 15:15:12,50,134,135455,21964.916666666668,163.5
2018-04-06 15:30:11,50,134,135503,22138.916666666668,164.58333333333334
2018-04-06 15:45:10,50,134,135544,22314.166666666668,165.5
2018-04-06 16:00:11,50,134,135592,22475.666666666668,166.91666666666666
2018-04-06 16:15:11,50,134,135623,22618.5,168.58333333333334
2018-04-06 16:30:10,50,134,135671,22756.583333333332,169.08333333333334
2018-04-06 16:45:11,50,134,135714,22882.416666666668,170.5
2018-04-06 17:00:12,50,134,135751,23009.0,171.16666666666666
2018-04-06 17:15:11,50,134,135812,23126.416666666668,171.5
2018-04-06 17:30:11,50,134,135847,23240.833333333332,172.58333333333334
2018-04-06 17:45:11,50,135,135901,21623.083333333332,163.33333333333334
2018-04-06 18:00:16,50,135,135940,21942.416666666668,166.33333333333334
2018-04-06 18:15:14,50,135,135951,22198.25,168.41666666666666
2018-04-06 18:30:12,50,135,135987,22420.916666666668,170.75
2018-04-06 18:45:10,50,135,136036,22627.0,172.08333333333334
2018-04-06 19:00:11,50,135,136068,22831.75,173.08333333333334
2018-04-06 19:15:11,50,135,136112,23014.083333333332,175.0
2018-04-06 19:30:11,50,135,136170,23194.833333333332,177.25
2018-04-06 19:45:11,50,135,136218,23355.75,178.25
2018-04-06 20:00:13,50,135,136258,23519.833333333332,179.41666666666666
2018-04-06 20:15:11,50,135,136327,23686.333333333332,181.08333333333334
2018-04-06 20:30:11,50,135,136390,23833.583333333332,181.75
2018-04-06 20:45:11,50,136,136469,22382.75,173.58333333333334
2018-04-06 21:00:15,50,136,136542,22843.75,178.41666666666666
2018-04-06 21:15:12,50,136,136638,23249.25,182.5
2018-04-06 21:30:13,50,136,136712,23584.833333333332,185.41666666666666
2018-04-06 21:45:10,50,136,136784,23904.333333333332,188.25
2018-04-06 22:00:10,50,136,136859,24197.0,190.08333333333334
2018-04-06 22:15:11,50,136,136929,24458.166666666668,191.41666666666666
2018-04-06 22:30:11,50,136,137010,24694.75,192.75
2018-04-06 22:45:11,50,136,137169,24928.666666666668,195.58333333333334
2018-04-06 23:00:12,50,136,137236,25133.166666666668,197.33333333333334
2018-04-06 23:15:11,50,136,137299,25307.5,199.16666666666666
2018-04-06 23:30:12,50,136,137328,25465.583333333332,199.75
2018-04-06 23:45:12,50,136,137378,25592.5,200.66666666666666
2018-04-07 00:00:12,50,136,137406,25702.75,201.33333333333334
2018-04-07 00:15:11,50,136,137434,25785.916666666668,201.91666666666666
2018-04-07 00:30:12,50,136,137468,25859.166666666668,202.75
2018-04-07 00:45:12,50,136,137487,25930.083333333332,202.91666666666666
2018-04-07 01:00:11,50,136,137509,25977.0,203.33333333333334
2018-04-07 01:15:13,50,136,137525,26017.75,203.41666666666666
2018-04-07 01:30:12,50,136,137534,26054.0,203.41666666666666
2018-04-07 01:45:23,50,136,137537,26081.916666666668,203.58333333333334
2018-04-07 02:00:29,50,136,137553,26102.5,203.66666666666666
2018-04-07 02:15:15,50,136,137562,26117.333333333332,203.66666666666666
2018-04-07 02:30:15,50,136,137569,26131.916666666668,203.66666666666666
2018-04-07 02:45:17,50,136,137571,26144.583333333332,203.66666666666666
2018-04-07 03:00:16,50,136,137574,26154.166666666668,203.75
2018-04-07 03:15:16,50,136,137577,26161.0,203.91666666666666
2018-04-07 03:30:13,50,136,137574,26169.416666666668,203.91666666666666
2018-04-07 03:45:13,50,136,137575,26176.166666666668,203.91666666666666
2018-04-07 04:00:14,50,136,137575,26182.833333333332,203.91666666666666
2018-04-07 04:15:11,50,136,137578,26187.583333333332,203.91666666666666
2018-04-07 04:30:13,50,136,137577,26192.916666666668,203.91666666666666
2018-04-07 04:45:13,50,136,137578,26197.083333333332,203.91666666666666
2018-04-07 05:00:14,50,136,137577,26200.583333333332,204.08333333333334
2018-04-07 05:15:12,50,136,137578,26203.666666666668,204.08333333333334
2018-04-07 05:30:12,50,136,137581,26207.25,204.08333333333334
2018-04-07 05:45:13,50,136,137583,26210.666666666668,204.08333333333334
2018-04-07 06:00:14,50,136,137585,26215.5,204.08333333333334
2018-04-07 06:15:12,50,136,137586,26221.833333333332,204.16666666666666
2018-04-07 06:30:13,50,136,137584,26227.5,204.16666666666666
2018-04-07 06:45:13,50,136,137584,26238.5,204.5
2018-04-07 07:00:12,50,136,137591,26255.75,204.66666666666666
2018-04-07 07:15:12,50,136,137595,26275.083333333332,204.83333333333334
2018-04-07 07:30:12,50,136,137604,26300.083333333332,205.0
2018-04-07 07:45:10,50,136,137606,26335.916666666668,205.58333333333334
2018-04-07 08:00:12,50,136,137624,26379.416666666668,205.83333333333334
2018-04-07 08:15:11,50,136,137648,26435.916666666668,206.41666666666666
2018-04-07 08:30:11,50,136,137664,26499.666666666668,206.75
2018-04-07 08:45:12,50,136,137672,26570.583333333332,207.25
2018-04-07 09:00:10,50,136,137688,26653.583333333332,208.0
2018-04-07 09:15:12,50,136,137717,26740.166666666668,208.5
2018-04-07 09:30:12,50,136,137747,26829.0,209.08333333333334
2018-04-07 09:45:12,50,136,137759,26915.166666666668,209.5
2018-04-07 10:00:10,50,136,137791,26998.5,210.41666666666666
2018-04-07 10:15:11,50,137,137816,24704.833333333332,178.33333333333334
2018-04-07 10:30:10,50,137,137844,24942.166666666668,179.5
2018-04-07 10:45:11,50,137,137861,25137.75,180.41666666666666
2018-04-07 11:00:11,50,137,137898,25308.333333333332,181.41666666666666
2018-04-07 11:15:11,50,137,137916,25466.333333333332,182.83333333333334
2018-04-07 11:30:11,50,137,137945,25607.166666666668,183.66666666666666
2018-04-07 11:45:12,50,137,137989,25742.666666666668,185.16666666666666
2018-04-07 12:00:11,50,138,138022,23986.833333333332,177.5
2018-04-07 12:15:11,50,138,138044,24376.583333333332,180.91666666666666
2018-04-07 12:30:12,50,138,138067,24620.5,182.16666666666666
2018-04-07 12:45:11,50,138,138093,24831.166666666668,182.83333333333334
2018-04-07 13:00:11,50,138,138116,25014.666666666668,184.58333333333334
2018-04-07 13:15:10,50,138,138144,25180.25,185.5
2018-04-07 13:30:11,50,138,138169,25331.333333333332,185.75
2018-04-07 13:45:10,50,138,138195,25474.333333333332,186.25
2018-04-07 14:00:11,50,138,138228,25599.416666666668,186.5
2018-04-07 14:15:11,50,138,138254,25716.583333333332,187.33333333333334
2018-04-07 14:30:12,50,138,138300,25824.083333333332,187.5
2018-04-07 14:45:11,50,138,138329,25925.5,188.08333333333334
2018-04-07 15:00:12,50,138,138352,26021.25,188.33333333333334
2018-04-07 15:15:11,50,138,138368,26108.833333333332,188.33333333333334
2018-04-07 15:30:11,50,138,138399,26193.25,188.66666666666666
2018-04-07 15:45:15,50,138,138422,26273.083333333332,188.75
2018-04-07 16:00:11,50,138,138442,26350.166666666668,189.16666666666666
2018-04-07 16:15:10,50,138,138461,26421.666666666668,189.41666666666666
2018-04-07 16:30:11,50,138,138484,26492.583333333332,189.5
2018-04-07 16:45:11,50,138,138518,26560.0,189.66666666666666
2018-04-07 17:00:10,50,138,138544,26631.583333333332,189.75
2018-04-07 17:15:11,50,138,138566,26700.25,190.25
2018-04-07 17:30:11,50,138,138585,26763.833333333332,190.58333333333334
2018-04-07 17:45:11,50,138,138604,26830.5,191.5
2018-04-07 18:00:12,50,138,138633,26898.166666666668,191.91666666666666
2018-04-07 18:15:11,50,138,138631,26959.333333333332,192.08333333333334
2018-04-07 18:30:11,50,138,138658,27019.5,192.58333333333334
2018-04-07 18:45:12,50,138,138694,27078.0,193.16666666666666
2018-04-07 19:00:12,50,138,138723,27146.25,193.58333333333334
2018-04-07 19:15:11,50,138,138741,27197.5,193.91666666666666
2018-04-07 19:30:11,50,138,138767,27258.333333333332,194.08333333333334
2018-04-07 19:45:10,50,138,138786,27317.75,194.33333333333334
2018-04-07 20:00:11,50,138,138813,27378.083333333332,194.41666666666666
2018-04-07 20:15:11,50,138,138853,27442.25,194.58333333333334
2018-04-07 20:30:12,50,138,138880,27501.916666666668,194.66666666666666
2018-04-07 20:45:13,50,138,138909,27562.166666666668,195.0
2018-04-07 21:00:12,50,138,138934,27618.5,195.83333333333334
2018-04-07 21:15:12,50,138,138966,27676.833333333332,198.83333333333334
2018-04-07 21:30:11,50,138,138994,27735.416666666668,200.0
2018-04-07 21:45:11,50,138,139016,27795.833333333332,201.66666666666666
2018-04-07 22:00:13,50,138,139060,27851.75,202.83333333333334
2018-04-07 22:15:12,50,138,139091,27909.5,204.0
2018-04-07 22:30:12,50,138,139128,27965.666666666668,204.5
2018-04-07 22:45:11,50,138,139167,28018.666666666668,205.16666666666666
2018-04-07 23:00:11,50,138,139196,28068.083333333332,206.16666666666666
2018-04-07 23:15:11,50,138,139226,28116.0,206.41666666666666
2018-04-07 23:30:11,50,138,139257,28157.166666666668,206.58333333333334
2018-04-07 23:45:15,50,138,139264,28198.333333333332,206.83333333333334
2018-04-08 00:00:12,50,138,139274,28237.75,207.33333333333334
2018-04-08 00:15:13,50,138,139292,28265.916666666668,207.66666666666666
2018-04-08 00:30:14,50,138,139312,28287.75,207.91666666666666
2018-04-08 00:45:14,50,138,139322,28309.0,208.25
2018-04-08 01:00:15,50,138,139347,28326.583333333332,208.58333333333334
2018-04-08 01:15:15,50,138,139352,28340.75,208.75
2018-04-08 01:30:12,50,138,139353,28352.416666666668,209.0
2018-04-08 01:45:16,50,138,139355,28362.416666666668,209.41666666666666
2018-04-08 02:00:13,50,138,139358,28369.666666666668,209.5
2018-04-08 02:15:12,50,138,139361,28377.666666666668,209.5
2018-04-08 02:30:11,50,138,139366,28381.833333333332,209.5
2018-04-08 02:45:12,50,138,139368,28386.666666666668,209.58333333333334
2018-04-08 03:00:12,50,138,139373,28390.166666666668,209.58333333333334
2018-04-08 03:15:12,50,138,139374,28393.416666666668,209.58333333333334
2018-04-08 03:30:13,50,138,139378,28395.416666666668,209.66666666666666
2018-04-08 03:45:12,50,138,139382,28396.833333333332,209.66666666666666
2018-04-08 04:00:13,50,138,139384,28398.75,209.66666666666666
2018-04-08 04:15:11,50,138,139384,28400.75,209.66666666666666
2018-04-08 04:30:13,50,138,139382,28401.583333333332,209.66666666666666
2018-04-08 04:45:13,50,138,139382,28403.666666666668,209.66666666666666
2018-04-08 05:00:14,50,138,139384,28405.083333333332,209.66666666666666
2018-04-08 05:15:13,50,138,139384,28406.583333333332,209.66666666666666
2018-04-08 05:30:11,50,138,139387,28407.666666666668,209.66666666666666
2018-04-08 05:45:13,50,138,139387,28409.75,209.66666666666666
2018-04-08 06:00:13,50,138,139388,28410.916666666668,209.66666666666666
2018-04-08 06:15:11,50,138,139389,28412.583333333332,209.66666666666666
2018-04-08 06:30:13,50,138,139389,28414.666666666668,209.66666666666666
2018-04-08 06:45:12,50,138,139391,28416.416666666668,209.66666666666666
2018-04-08 07:00:12,50,138,139392,28419.25,209.66666666666666
2018-04-08 07:15:13,50,138,139391,28424.75,210.0
2018-04-08 07:30:11,50,138,139392,28430.916666666668,210.33333333333334
2018-04-08 07:45:12,50,138,139396,28439.25,210.41666666666666
2018-04-08 08:00:11,50,138,139397,28450.666666666668,210.5
2018-04-08 08:15:13,50,138,139402,28466.916666666668,210.5
2018-04-08 08:30:11,50,138,139405,28487.166666666668,210.66666666666666
2018-04-08 08:45:10,50,138,139412,28512.666666666668,210.91666666666666
2018-04-08 09:00:12,50,138,139422,28538.916666666668,211.08333333333334
2018-04-08 09:15:12,50,138,139427,28572.416666666668,211.16666666666666
2018-04-08 09:30:12,50,138,139442,28599.833333333332,211.16666666666666
2018-04-08 09:45:12,50,138,139454,28628.166666666668,211.83333333333334
2018-04-08 10:00:12,50,138,139460,28659.25,212.25
2018-04-08 10:15:12,50,138,139485,28690.416666666668,212.5
2018-04-08 10:30:12,50,138,139498,28720.5,213.25
2018-04-08 10:45:12,50,138,139511,28752.583333333332,213.41666666666666
2018-04-08 11:00:13,50,138,139523,28784.416666666668,213.91666666666666
2018-04-08 11:15:12,50,138,139537,28807.583333333332,214.33333333333334
2018-04-08 11:30:12,50,138,139554,28831.75,214.58333333333334
2018-04-08 11:45:12,50,139,139568,26154.583333333332,204.5
2018-04-08 12:00:12,50,139,139576,26350.166666666668,205.5
2018-04-08 12:15:12,50,139,139599,26488.416666666668,206.5
2018-04-08 12:30:11,50,139,139621,26612.166666666668,206.66666666666666
2018-04-08 12:45:11,50,139,139640,26712.25,206.91666666666666
2018-04-08 13:00:12,50,139,139648,26796.25,207.25
2018-04-08 13:15:12,50,139,139663,26870.083333333332,207.5
2018-04-08 13:30:12,50,139,139677,26935.583333333332,207.75
2018-04-08 13:45:13,50,139,139686,26994.166666666668,208.33333333333334
2018-04-08 14:00:13,50,139,139698,27050.666666666668,208.5
2018-04-08 14:15:12,50,139,139721,27100.583333333332,209.0
2018-04-08 14:30:12,50,139,139731,27148.5,209.58333333333334
2018-04-08 14:45:12,50,139,139741,27191.0,209.75
2018-04-08 15:00:14,50,139,139752,27231.0,210.0
2018-04-08 15:15:12,50,139,139766,27276.25,210.58333333333334
2018-04-08 15:30:12,50,140,139800,25789.0,205.83333333333334
2018-04-08 15:45:13,50,140,139825,25970.583333333332,206.58333333333334
2018-04-08 16:00:12,50,140,139826,26121.916666666668,207.0
2018-04-08 16:15:13,50,140,139834,26247.0,207.33333333333334
2018-04-08 16:30:12,50,140,139848,26368.25,207.5
2018-04-08 16:45:13,50,140,139862,26470.25,207.75
2018-04-08 17:00:13,50,140,139872,26568.916666666668,207.91666666666666
2018-04-08 17:15:13,50,140,139875,26666.416666666668,208.66666666666666
2018-04-08 17:30:13,50,140,139891,26765.5,209.08333333333334
2018-04-08 17:45:13,50,140,139903,26854.25,209.16666666666666
2018-04-08 18:00:12,50,140,139918,26940.166666666668,209.33333333333334
2018-04-08 18:15:13,50,141,139933,24965.25,200.5
2018-04-08 18:30:12,50,141,139954,25259.833333333332,202.41666666666666
2018-04-08 18:45:11,50,141,139973,25470.0,202.91666666666666
2018-04-08 19:00:11,50,141,139990,25654.833333333332,203.75
2018-04-08 19:15:12,50,141,140007,25818.0,204.5
2018-04-08 19:30:11,50,141,140033,25971.666666666668,204.83333333333334
2018-04-08 19:45:11,50,141,140044,26104.166666666668,205.0
2018-04-08 20:00:11,50,141,140070,26236.666666666668,205.41666666666666
2018-04-08 20:15:12,50,141,140104,26361.583333333332,205.58333333333334
2018-04-08 20:30:11,50,141,140125,26476.416666666668,205.91666666666666
2018-04-08 20:45:11,50,141,140155,26590.5,206.75
2018-04-08 21:00:11,50,141,140180,26691.166666666668,206.83333333333334
2018-04-08 21:15:11,50,141,140189,26781.083333333332,207.08333333333334
2018-04-08 21:30:11,50,141,140195,26861.25,207.58333333333334
2018-04-08 21:45:11,50,141,140206,26939.5,207.91666666666666
2018-04-08 22:00:12,50,141,140246,27007.583333333332,208.16666666666666
2018-04-08 22:15:13,50,141,140250,27073.25,208.41666666666666
2018-04-08 22:30:11,50,141,140254,27128.916666666668,208.83333333333334
2018-04-08 22:45:14,50,141,140250,27170.5,208.91666666666666
2018-04-08 23:00:22,50,141,140263,27202.5,209.0
2018-04-08 23:15:13,50,141,140266,27231.916666666668,209.16666666666666
2018-04-08 23:30:12,50,141,140267,27257.333333333332,209.25
2018-04-08 23:45:10,50,141,140278,27281.0,209.33333333333334
2018-04-09 00:00:12,50,141,140283,27296.5,209.5
2018-04-09 00:15:10,50,141,140294,27310.333333333332,209.5
2018-04-09 00:30:12,50,141,140291,27316.0,209.5
2018-04-09 00:45:12,50,141,140292,27321.75,209.58333333333334
2018-04-09 01:00:13,50,141,140293,27326.833333333332,209.58333333333334
2018-04-09 01:15:13,50,141,140292,27330.166666666668,209.58333333333334
2018-04-09 01:30:12,50,141,140296,27331.916666666668,209.58333333333334
2018-04-09 01:45:25,50,141,140299,27333.833333333332,209.58333333333334
2018-04-09 02:00:33,50,141,140302,27334.916666666668,209.58333333333334
2018-04-09 02:15:31,50,141,140302,27336.333333333332,209.58333333333334
2018-04-09 02:30:23,50,141,140304,27337.416666666668,209.58333333333334
2018-04-09 02:45:31,50,141,140301,27338.75,209.58333333333334
2018-04-09 03:00:43,50,141,140302,27340.416666666668,209.58333333333334
2018-04-09 03:15:28,50,141,140303,27341.0,209.58333333333334
2018-04-09 03:30:24,50,141,140302,27341.583333333332,209.58333333333334
2018-04-09 03:45:27,50,141,140302,27342.25,209.58333333333334
2018-04-09 04:00:36,50,141,140304,27342.583333333332,209.58333333333334
2018-04-09 04:15:22,50,141,140305,27343.166666666668,209.58333333333334
2018-04-09 04:30:22,50,141,140304,27343.666666666668,209.58333333333334
2018-04-09 04:45:18,50,141,140302,27344.416666666668,209.58333333333334
2018-04-09 05:00:14,50,141,140298,27345.416666666668,209.58333333333334
2018-04-09 05:15:14,50,141,140299,27347.916666666668,209.58333333333334
2018-04-09 05:30:13,50,141,140300,27349.916666666668,209.58333333333334
2018-04-09 05:45:11,50,141,140299,27352.583333333332,209.58333333333334
2018-04-09 06:00:12,50,141,140300,27357.416666666668,209.58333333333334
2018-04-09 06:15:11,50,141,140301,27367.166666666668,209.58333333333334
2018-04-09 06:30:11,50,141,140295,27387.416666666668,209.66666666666666
2018-04-09 06:45:11,50,141,140288,27411.25,209.66666666666666
2018-04-09 07:00:13,50,141,140282,27439.5,209.66666666666666
2018-04-09 07:15:11,50,141,140279,27473.0,209.66666666666666
2018-04-09 07:30:11,50,141,140280,27499.833333333332,209.75
2018-04-09 07:45:12,50,141,140282,27515.916666666668,209.75
2018-04-09 08:00:11,50,141,140282,27525.083333333332,209.75
2018-04-09 08:15:12,50,141,140274,27532.166666666668,209.75
2018-04-09 08:30:11,50,141,140273,27539.333333333332,210.0
2018-04-09 08:45:11,50,141,140279,27550.0,210.08333333333334
2018-04-09 09:00:10,50,141,140279,27558.083333333332,210.08333333333334
2018-04-09 09:15:11,50,141,140281,27566.583333333332,210.08333333333334
2018-04-09 09:30:10,50,141,140273,27576.166666666668,210.16666666666666
2018-04-09 09:45:14,50,141,140274,27585.0,210.16666666666666
2018-04-09 10:00:11,50,141,140275,27590.75,210.16666666666666
2018-04-09 10:15:12,50,141,140274,27597.666666666668,210.16666666666666
2018-04-09 10:30:11,50,141,140280,27603.916666666668,210.16666666666666
2018-04-09 10:45:11,50,141,140281,27613.5,210.25
2018-04-09 11:00:12,50,141,140285,27620.166666666668,210.25
2018-04-09 11:15:13,50,141,140285,27628.583333333332,210.25
2018-04-09 11:30:13,50,141,140286,27633.75,210.33333333333334
2018-04-09 11:45:12,50,141,140293,27639.083333333332,210.33333333333334
2018-04-09 12:00:11,50,141,140296,27647.0,210.33333333333334
2018-04-09 12:15:12,50,141,140302,27653.583333333332,210.5
2018-04-09 12:30:10,50,141,140305,27659.333333333332,210.66666666666666
2018-04-09 12:45:11,50,142,140312,25643.333333333332,204.58333333333334
2018-04-09 13:00:11,50,142,140314,25745.0,205.08333333333334
2018-04-09 13:15:11,50,142,140326,25821.75,205.75
2018-04-09 13:30:12,50,142,140333,25908.666666666668,205.91666666666666
2018-04-09 13:45:12,50,142,140337,26008.833333333332,206.41666666666666
2018-04-09 14:00:11,50,142,140351,26104.0,206.58333333333334
2018-04-09 14:15:11,50,142,140355,26191.666666666668,206.83333333333334
2018-04-09 14:30:11,50,142,140368,26265.333333333332,206.91666666666666
2018-04-09 14:45:10,50,142,140387,26338.166666666668,206.91666666666666
2018-04-09 15:00:10,50,142,140397,26405.583333333332,207.0
2018-04-09 15:15:10,50,142,140406,26470.583333333332,207.0
2018-04-09 15:30:11,50,142,140419,26531.416666666668,207.16666666666666
2018-04-09 15:45:11,50,143,140437,24839.583333333332,198.16666666666666
2018-04-09 16:00:11,50,143,140455,25145.25,199.16666666666666
2018-04-09 16:15:11,50,143,140476,25390.75,199.83333333333334
2018-04-09 16:30:13,50,143,140494,25589.75,200.83333333333334
2018-04-09 16:45:11,50,143,140502,25772.75,201.58333333333334
2018-04-09 17:00:12,50,143,140515,25935.666666666668,202.08333333333334
2018-04-09 17:15:11,50,143,140522,26080.416666666668,202.58333333333334
2018-04-09 17:30:11,50,143,140538,26206.083333333332,203.33333333333334
2018-04-09 17:45:12,50,143,140553,26314.333333333332,204.0
2018-04-09 18:00:11,50,143,140573,26413.583333333332,204.33333333333334
2018-04-09 18:15:10,50,143,140588,26500.416666666668,204.58333333333334
2018-04-09 18:30:11,50,143,140603,26589.833333333332,204.75
2018-04-09 18:45:13,50,144,140612,24118.166666666668,192.75
2018-04-09 19:00:11,50,144,140625,24355.5,194.25
2018-04-09 19:15:14,50,144,140638,24552.75,195.0
2018-04-09 19:30:11,50,144,140647,24740.333333333332,196.25
2018-04-09 19:45:16,50,144,140671,24919.166666666668,197.08333333333334
2018-04-09 20:00:13,50,144,140697,25088.916666666668,197.83333333333334
2018-04-09 20:15:12,50,144,140725,25251.666666666668,198.83333333333334
2018-04-09 20:30:13,50,144,140758,25389.916666666668,199.58333333333334
2018-04-09 20:45:17,50,144,140765,25518.166666666668,200.08333333333334
2018-04-09 21:00:20,50,144,140793,25647.0,200.75
2018-04-09 21:15:22,50,144,140803,25774.25,201.41666666666666
2018-04-09 21:30:22,50,144,140822,25888.0,202.08333333333334
2018-04-09 21:45:13,50,144,140829,25958.25,202.41666666666666
2018-04-09 22:00:12,50,144,140866,26036.75,202.83333333333334
2018-04-09 22:15:15,50,144,140890,26120.0,203.08333333333334
2018-04-09 22:30:17,50,144,140902,26188.0,203.25
2018-04-09 22:45:25,50,144,140917,26244.0,203.25
2018-04-09 23:00:18,50,144,140918,26285.0,203.41666666666666
2018-04-09 23:15:17,50,144,140922,26317.583333333332,204.0
2018-04-09 23:30:16,50,144,140936,26344.75,204.08333333333334
2018-04-09 23:45:17,50,144,140932,26362.916666666668,204.08333333333334
2018-04-10 00:00:16,50,144,140936,26377.666666666668,204.16666666666666
2018-04-10 00:15:12,50,144,140940,26389.583333333332,204.16666666666666
2018-04-10 00:30:23,50,144,140947,26397.0,204.25
2018-04-10 00:45:40,50,144,140950,26401.75,204.41666666666666
2018-04-10 01:01:06,50,144,140951,26405.5,204.5
2018-04-10 01:15:36,50,144,140953,26408.666666666668,204.58333333333334
2018-04-10 01:30:43,50,144,140952,26411.166666666668,204.58333333333334
2018-04-10 01:45:52,50,144,140950,26412.5,204.58333333333334
2018-04-10 02:00:32,50,144,140949,26413.916666666668,204.58333333333334
2018-04-10 02:15:34,50,144,140947,26415.916666666668,204.58333333333334
2018-04-10 02:30:48,50,144,140949,26417.166666666668,204.58333333333334
2018-04-10 02:45:49,50,144,140948,26418.083333333332,204.66666666666666
2018-04-10 03:00:29,50,144,140947,26418.833333333332,204.66666666666666
2018-04-10 03:15:36,50,144,140948,26419.25,204.66666666666666
2018-04-10 03:30:33,50,144,140949,26419.833333333332,204.66666666666666
2018-04-10 03:45:21,50,144,140949,26420.666666666668,204.66666666666666
2018-04-10 04:00:16,50,144,140948,26421.666666666668,204.66666666666666
2018-04-10 04:15:16,50,144,140948,26422.166666666668,204.66666666666666
2018-04-10 04:30:15,50,144,140948,26423.083333333332,204.66666666666666
2018-04-10 04:45:26,50,144,140949,26423.916666666668,204.66666666666666
2018-04-10 05:00:13,50,144,140949,26425.0,204.66666666666666
2018-04-10 05:15:15,50,144,140949,26426.166666666668,204.66666666666666
2018-04-10 05:30:16,50,144,140952,26427.416666666668,204.75
2018-04-10 05:45:15,50,144,140954,26430.333333333332,204.75
2018-04-10 06:00:14,50,144,140952,26436.416666666668,204.75
2018-04-10 06:15:15,50,144,140955,26449.333333333332,204.83333333333334
2018-04-10 06:30:21,50,144,140959,26475.75,205.0
2018-04-10 06:45:15,50,144,140959,26512.083333333332,205.16666666666666
2018-04-10 07:00:16,50,144,140965,26552.083333333332,205.58333333333334
2018-04-10 07:15:15,50,144,140968,26592.0,205.75
2018-04-10 07:30:13,50,144,140974,26622.583333333332,205.91666666666666
2018-04-10 07:45:13,50,144,140975,26646.833333333332,205.91666666666666
2018-04-10 08:00:13,50,144,140981,26659.5,205.91666666666666
2018-04-10 08:15:14,50,144,140982,26671.833333333332,206.0
2018-04-10 08:30:12,50,144,140988,26682.333333333332,206.0
2018-04-10 08:45:14,50,144,140993,26689.5,206.16666666666666
2018-04-10 09:00:12,50,144,143448,26699.166666666668,206.16666666666666
2018-04-10 09:15:14,50,144,146417,26712.583333333332,206.16666666666666
2018-04-10 09:30:14,50,144,146416,26725.0,206.25
2018-04-10 09:45:13,50,144,146419,26741.583333333332,206.41666666666666
2018-04-10 10:00:13,50,144,146422,26755.5,206.91666666666666
2018-04-10 10:15:13,50,144,146424,26766.833333333332,206.91666666666666
2018-04-10 10:30:13,50,144,146426,26778.166666666668,207.0
2018-04-10 10:45:12,50,144,149914,26791.666666666668,207.08333333333334
2018-04-10 11:00:12,50,145,149916,24528.166666666668,198.33333333333334
2018-04-10 11:15:11,50,145,149917,24594.166666666668,198.91666666666666
2018-04-10 11:30:11,50,145,149923,24647.166666666668,199.0
2018-04-10 11:45:12,50,145,149923,24693.333333333332,199.33333333333334
2018-04-10 12:00:13,50,145,149921,24735.166666666668,199.58333333333334
2018-04-10 12:15:11,50,145,149927,24774.166666666668,199.66666666666666
2018-04-10 12:30:12,50,145,149934,24816.416666666668,199.75
2018-04-10 12:45:10,50,145,149942,24866.75,199.75
2018-04-10 13:00:14,50,145,149945,24920.666666666668,200.0
2018-04-10 13:15:11,50,145,149947,24984.166666666668,200.41666666666666
2018-04-10 13:30:11,50,145,149951,25061.166666666668,200.66666666666666
2018-04-10 13:45:11,50,145,149958,25150.5,200.75
2018-04-10 14:00:11,50,146,149968,22516.333333333332,164.83333333333334
2018-04-10 14:15:11,50,146,149978,22764.416666666668,166.08333333333334
2018-04-10 14:30:11,50,146,149992,22947.75,166.75
2018-04-10 14:45:12,50,146,150007,23109.0,167.25
2018-04-10 15:00:12,50,146,150019,23238.916666666668,167.66666666666666
2018-04-10 15:15:12,50,146,150027,23369.333333333332,168.0
2018-04-10 15:30:11,50,146,150047,23492.666666666668,168.58333333333334
2018-04-10 15:45:11,50,146,150056,23613.833333333332,169.16666666666666
2018-04-10 16:00:11,50,146,150072,23742.333333333332,169.41666666666666
2018-04-10 16:15:11,50,146,150083,23850.75,169.58333333333334
2018-04-10 16:30:11,50,146,150092,23966.416666666668,169.75
2018-04-10 16:45:11,50,146,150096,24071.0,170.16666666666666
2018-04-10 17:00:11,50,146,150113,24154.666666666668,170.5
2018-04-10 17:15:11,50,146,150129,24229.916666666668,170.66666666666666
2018-04-10 17:30:11,50,146,150145,24308.25,170.66666666666666
2018-04-10 17:45:13,50,146,150157,24379.25,170.83333333333334
2018-04-10 18:00:13,50,146,150175,24448.666666666668,171.08333333333334
2018-04-10 18:15:14,50,146,150182,24513.833333333332,171.25
2018-04-10 18:30:12,50,146,150207,24573.916666666668,171.41666666666666
2018-04-10 18:45:11,50,147,150209,21942.75,149.33333333333334
2018-04-10 19:00:11,50,147,150232,22167.416666666668,150.0
2018-04-10 19:15:12,50,147,150246,22330.333333333332,151.41666666666666
2018-04-10 19:30:11,50,147,150259,22497.75,151.83333333333334
2018-04-10 19:45:12,50,147,150272,22632.083333333332,152.33333333333334
2018-04-10 20:00:12,50,147,150288,22767.083333333332,152.75
2018-04-10 20:15:12,50,148,150286,19093.5,105.91666666666667
2018-04-10 20:30:11,50,150,150297,15678.25,85.25
2018-04-10 20:45:12,50,150,150294,16292.166666666666,90.16666666666667
2018-04-10 21:00:22,50,150,150306,16789.25,93.41666666666667
2018-04-10 21:15:11,50,150,150319,17194.666666666668,94.75
2018-04-10 21:30:13,50,150,150319,17556.333333333332,97.58333333333333
2018-04-10 21:45:19,50,150,150324,17842.5,98.33333333333333
2018-04-10 22:00:28,50,150,150314,18082.583333333332,100.16666666666667
2018-04-10 22:15:28,50,150,150324,18274.75,101.25
2018-04-10 22:30:12,50,150,150339,18434.75,101.58333333333333
2018-04-10 22:45:15,50,150,150354,18561.416666666668,101.91666666666667
2018-04-10 23:00:24,50,150,150360,18664.666666666668,102.41666666666667
2018-04-10 23:15:11,50,150,150360,18728.666666666668,102.5
2018-04-10 23:30:16,50,150,150356,18776.583333333332,102.5
2018-04-10 23:45:20,50,150,150359,18812.166666666668,102.66666666666667
2018-04-11 00:00:24,50,150,150361,18838.083333333332,102.66666666666667
2018-04-11 00:15:22,50,150,150359,18859.833333333332,102.91666666666667
2018-04-11 00:30:28,50,150,150356,18876.166666666668,103.08333333333333
2018-04-11 00:45:27,50,150,150351,18886.666666666668,103.08333333333333
2018-04-11 01:00:15,50,150,150353,18894.416666666668,103.08333333333333
2018-04-11 01:15:15,50,150,150355,18902.083333333332,103.16666666666667
2018-04-11 01:30:17,50,150,150357,18907.333333333332,105.83333333333333
2018-04-11 01:45:17,50,150,150359,18910.416666666668,113.75
2018-04-11 02:00:27,50,150,150358,18914.416666666668,116.0
2018-04-11 02:15:25,50,150,150358,18918.0,116.08333333333333
2018-04-11 02:30:38,50,150,150359,18920.416666666668,116.08333333333333
2018-04-11 02:45:33,50,150,150357,18922.333333333332,116.08333333333333
2018-04-11 03:00:41,50,150,150355,18923.333333333332,116.08333333333333
2018-04-11 03:15:41,50,150,150353,18924.333333333332,116.08333333333333
2018-04-11 03:30:37,50,150,150351,18926.5,116.08333333333333
2018-04-11 03:45:44,50,150,150352,18927.666666666668,116.25
2018-04-11 04:00:39,50,150,150353,18929.583333333332,116.25
2018-04-11 04:15:33,50,150,150353,18930.666666666668,116.25
2018-04-11 04:30:36,50,150,150356,18931.416666666668,116.25
2018-04-11 04:45:50,50,150,150354,18933.25,116.25
2018-04-11 05:00:33,50,150,150352,18935.333333333332,116.25
2018-04-11 05:15:34,50,150,150350,18938.666666666668,116.25
2018-04-11 05:30:29,50,150,150350,18942.583333333332,116.25
2018-04-11 05:45:32,50,150,150349,18951.5,116.25
2018-04-11 06:00:37,50,150,150349,18972.666666666668,116.41666666666667
2018-04-11 06:15:31,50,150,150352,19015.166666666668,116.66666666666667
2018-04-11 06:30:25,50,150,150350,19090.333333333332,116.75
2018-04-11 06:45:18,50,150,150355,19196.083333333332,116.91666666666667
2018-04-11 07:00:14,50,150,150357,19317.416666666668,117.25
2018-04-11 07:15:17,50,150,150364,19442.416666666668,118.0
2018-04-11 07:30:16,50,150,150361,19537.833333333332,118.25
2018-04-11 07:45:17,50,150,150364,19607.25,118.58333333333333
2018-04-11 08:00:17,50,150,150367,19648.166666666668,118.75
2018-04-11 08:15:16,50,150,150369,19673.833333333332,118.91666666666667
2018-04-11 08:30:16,50,150,150369,19698.416666666668,119.0
2018-04-11 08:45:17,50,150,150365,19721.833333333332,119.08333333333333
2018-04-11 09:00:15,50,150,150365,19746.583333333332,119.16666666666667
2018-04-11 09:15:22,50,150,150365,19773.5,119.16666666666667
2018-04-11 09:30:27,50,150,150369,19792.583333333332,119.16666666666667
2018-04-11 09:45:20,50,150,150373,19813.5,119.33333333333333
2018-04-11 10:00:20,50,150,150375,19833.416666666668,119.5
2018-04-11 10:15:16,50,150,150375,19852.666666666668,119.75
2018-04-11 10:30:18,50,150,150379,19872.5,119.75
2018-04-11 10:45:18,50,150,150381,19891.416666666668,119.83333333333333
2018-04-11 11:00:16,50,150,150380,19908.333333333332,119.83333333333333
2018-04-11 11:15:26,50,150,150381,19924.916666666668,120.0
2018-04-11 11:30:17,50,150,150385,19946.166666666668,120.08333333333333
2018-04-11 11:45:15,50,151,150386,18305.083333333332,118.41666666666667
2018-04-11 12:00:16,50,151,150388,18387.166666666668,120.66666666666667
2018-04-11 12:15:15,50,151,150395,18468.916666666668,121.08333333333333
2018-04-11 12:30:20,50,151,150394,18545.5,121.58333333333333
2018-04-11 12:45:16,50,151,150402,18632.5,121.91666666666667
2018-04-11 13:00:20,50,151,150418,18729.583333333332,122.33333333333333
2018-04-11 13:15:18,50,151,150428,18844.166666666668,122.91666666666667
2018-04-11 13:30:23,50,151,150435,18980.0,123.91666666666667
2018-04-11 13:45:16,50,151,150450,19142.25,124.5
2018-04-11 14:00:22,50,151,150459,19301.416666666668,125.08333333333333
2018-04-11 14:15:20,50,151,150464,19452.0,126.41666666666667
2018-04-11 14:30:17,50,151,150474,19606.166666666668,126.75
2018-04-11 14:45:19,50,152,150476,17973.25,124.08333333333333
2018-04-11 15:00:17,50,152,150481,18276.333333333332,126.58333333333333
2018-04-11 15:15:19,50,152,150498,18544.25,128.83333333333334
2018-04-11 15:30:26,50,152,150518,18791.75,129.41666666666666
2018-04-11 15:45:21,50,152,150531,19002.916666666668,130.5
2018-04-11 16:00:19,50,152,150550,19221.666666666668,131.25
2018-04-11 16:15:19,50,152,150556,19432.833333333332,131.66666666666666
2018-04-11 16:30:16,50,152,150578,19609.0,131.91666666666666
2018-04-11 16:45:20,50,152,150596,19791.5,132.83333333333334
2018-04-11 17:00:22,50,152,150611,19944.75,133.33333333333334
2018-04-11 17:15:15,50,152,150637,20085.416666666668,134.08333333333334
2018-04-11 17:30:15,50,152,150638,20219.083333333332,134.66666666666666
2018-04-11 17:45:20,50,152,150661,20351.416666666668,136.08333333333334
2018-04-11 18:00:15,50,152,150682,20467.25,136.58333333333334
2018-04-11 18:15:17,50,153,150698,18923.5,131.91666666666666
2018-04-11 18:30:18,50,153,150704,19265.25,139.33333333333334
2018-04-11 18:45:17,50,153,150725,19546.083333333332,143.5
2018-04-11 19:00:13,50,153,150730,19794.916666666668,146.66666666666666
2018-04-11 19:15:14,50,153,150752,20015.666666666668,149.0
2018-04-11 19:30:11,50,153,150760,20233.75,150.91666666666666
2018-04-11 19:45:11,50,153,150772,20436.166666666668,152.5
2018-04-11 20:00:12,50,153,150793,20642.083333333332,155.16666666666666
2018-04-11 20:15:10,50,153,150811,20827.666666666668,157.25
2018-04-11 20:30:13,50,153,150826,21015.75,159.25
2018-04-11 20:45:13,50,153,150840,21185.583333333332,161.41666666666666
2018-04-11 21:00:15,50,153,150855,21337.333333333332,162.83333333333334
2018-04-11 21:15:14,50,153,150883,21479.416666666668,163.75
2018-04-11 21:30:18,50,153,150909,21626.583333333332,164.91666666666666
2018-04-11 21:45:15,50,153,150911,21757.333333333332,165.66666666666666
2018-04-11 22:00:14,50,153,150887,21872.833333333332,166.16666666666666
2018-04-11 22:15:12,50,153,150909,21964.833333333332,166.66666666666666
2018-04-11 22:30:11,50,153,150933,22037.75,167.41666666666666
2018-04-11 22:45:10,50,153,150948,22105.416666666668,167.91666666666666
2018-04-11 23:00:11,50,153,150949,22154.416666666668,168.25
2018-04-11 23:15:15,50,153,150965,22187.5,168.66666666666666
2018-04-11 23:30:11,50,153,150973,22218.5,169.0
2018-04-11 23:45:12,50,153,150975,22244.916666666668,169.16666666666666
2018-04-12 00:00:19,50,153,150980,22262.833333333332,169.25
2018-04-12 09:45:11,50,153,151046,22693.416666666668,173.66666666666666
2018-04-12 10:00:11,50,153,151047,22705.25,173.75
2018-04-12 10:15:11,50,153,151056,22716.666666666668,173.83333333333334
2018-04-12 10:30:11,50,153,151059,22727.0,174.0
2018-04-12 10:45:11,50,153,151064,22737.25,174.0
2018-04-12 11:00:13,50,153,151060,22747.333333333332,174.08333333333334
2018-04-12 11:15:11,50,153,151062,22757.5,174.16666666666666
2018-04-12 11:30:13,50,153,151063,22767.666666666668,174.16666666666666
2018-04-12 11:45:11,50,154,151067,21276.0,170.58333333333334
2018-04-12 12:00:15,50,154,151069,21353.0,171.16666666666666
2018-04-12 12:15:11,50,154,151079,21414.916666666668,171.16666666666666
2018-04-12 12:30:12,50,154,151079,21472.083333333332,171.5
2018-04-12 12:45:13,50,154,151095,21532.833333333332,171.58333333333334
2018-04-12 13:00:11,50,154,151108,21597.25,171.66666666666666
2018-04-12 13:15:13,50,154,151119,21672.083333333332,172.08333333333334
2018-04-12 13:30:11,50,154,151144,21765.75,172.75
2018-04-12 13:45:11,50,155,151168,19084.666666666668,160.58333333333334
2018-04-12 14:00:12,50,155,151183,19449.333333333332,163.25
2018-04-12 14:15:11,50,155,151198,19713.666666666668,164.75
2018-04-12 14:30:11,50,155,151220,19937.083333333332,165.83333333333334
2018-04-12 14:45:10,50,155,151231,20128.416666666668,166.91666666666666
2018-04-12 15:00:11,50,155,151248,20308.75,168.0
2018-04-12 15:15:12,50,155,151259,20472.333333333332,168.58333333333334
2018-04-12 15:30:11,50,155,151272,20643.25,169.41666666666666
2018-04-12 15:45:13,50,155,151292,20803.416666666668,169.66666666666666
2018-04-12 16:00:11,50,156,151306,18961.833333333332,157.5
2018-04-12 16:15:11,50,156,151339,19304.583333333332,158.66666666666666
2018-04-12 16:30:11,50,156,151362,19592.833333333332,159.83333333333334
2018-04-12 16:45:11,50,156,151373,19858.333333333332,161.41666666666666
2018-04-12 17:00:12,50,156,151405,20088.5,162.75
2018-04-12 17:15:12,50,156,151424,20309.333333333332,163.83333333333334
2018-04-12 17:30:11,50,156,151447,20498.75,164.66666666666666
2018-04-12 17:45:11,50,156,151469,20687.416666666668,165.0
2018-04-12 18:00:10,50,156,151493,20850.583333333332,166.25
2018-04-12 18:15:11,50,156,151513,20992.083333333332,166.66666666666666
2018-04-12 18:30:11,50,156,151541,21131.75,167.33333333333334
2018-04-12 18:45:10,50,156,151568,21264.75,167.41666666666666
2018-04-12 19:00:10,50,156,151593,21398.416666666668,168.16666666666666
2018-04-12 19:15:11,50,156,151626,21525.916666666668,168.58333333333334
2018-04-12 19:30:11,50,156,151653,21654.833333333332,169.41666666666666
2018-04-12 19:45:11,50,156,151696,21779.666666666668,170.08333333333334
2018-04-12 20:00:10,50,156,151737,21896.416666666668,170.5
2018-04-12 20:15:10,50,156,151765,22007.666666666668,170.75
2018-04-12 20:30:10,50,156,151800,22084.0,171.08333333333334
2018-04-12 20:45:10,50,156,151853,22216.333333333332,171.5
2018-04-12 21:00:12,50,157,151960,21325.916666666668,187.33333333333334
2018-04-12 21:15:10,50,157,152076,22091.416666666668,201.75
2018-04-12 21:30:10,50,157,152178,22459.75,205.08333333333334
2018-04-12 21:45:09,50,158,152324,21965.333333333332,214.41666666666666
2018-04-12 22:00:09,50,158,152495,22464.916666666668,218.41666666666666
2018-04-12 22:15:10,50,158,152781,23068.0,224.66666666666666
2018-04-12 22:30:09,50,158,153014,23414.25,227.58333333333334
2018-04-12 22:45:10,50,158,154496,23792.666666666668,229.83333333333334
2018-04-12 23:00:09,50,158,154820,24028.416666666668,231.83333333333334
2018-04-12 23:15:10,50,158,155015,24191.416666666668,232.66666666666666
2018-04-12 23:30:10,50,158,155135,24309.083333333332,233.33333333333334
2018-04-12 23:45:10,50,158,155210,24387.333333333332,233.58333333333334
